time,x,y,z
0,-0.049409866,0.3647976,0.19606495
4.974366,-1.9068744,0.8243766,-0.08159733
9.765625,-1.131335,0.84352565,-0.23479033
15.655518,-0.49941397,0.7382057,-0.033724785
19.897461,-0.039834976,0.4413941,0.10031891
24.017334,0.28569984,0.08713555,0.023722649
28.472901,0.63038397,-0.43946528,-0.0624485
33.203125,0.56182337,-0.4985535,-0.04323387
37.597657,0.27458668,-0.37408423,-0.052807808
41.748047,0.006498814,-0.19216752,-0.052807808
46.020508,-0.24243975,-0.048549175,-0.052807808
49.713135,-0.24243975,-0.048549175,-0.052807808
52.4292,-0.48180366,0.2291131,-0.024084091
56.243897,-0.48180366,0.2291131,-0.024084091
59.844971,-0.39563274,0.24826217,0.014213562
62.561036,-0.21869516,0.19669962,0.0108881
66.986084,-0.03677845,0.15840125,0.06833553
70.495606,0.10684013,0.11052847,0.049186707
74.066163,0.17386198,0.08180475,0.039611816
78.063965,0.21216011,0.10095382,0.039611816
82.000733,0.15471268,0.13925219,-0.027409554
85.9375,0.058967113,0.18712497,-0.017835617
90.270997,-0.03677845,0.19669962,-0.008260727
94.696045,-0.082874775,0.19948053,0.002350807
98.876954,-0.10202408,0.20905519,-0.0359478
102.935792,-0.14032221,0.2377789,-0.0359478
107.391358,-0.044576645,0.24735332,-0.007224083
111.724854,0.041594505,0.18033147,0.002350807
116.607667,0.079892635,0.122884035,-0.04552269
120.666504,0.079892635,0.122884035,-0.04552269
123.504639,0.07031822,-0.011159658,-0.06467152
127.716065,0.07031822,-0.011159658,-0.06467152
131.56128,0.028902054,-0.07124472,0.012378693
135.437012,0.028902054,-0.07124472,0.012378693
137.786866,0.01932764,-0.061670065,0.031528473
142.303467,-0.038119793,-0.00422287,0.079401016
146.148682,-0.05726862,0.0340755,0.10812473
150.634766,-0.07641792,0.08194828,0.11769962
153.411866,-0.085992336,0.08194828,0.11769962
157.409668,-0.10514164,0.08194828,0.13684845
161.132813,-0.07641792,0.09152269,0.14642334
165.191651,-0.07020807,0.008424997,0.15487003
170.715333,-0.0893569,0.0275743,0.11657238
175.018311,-0.13722992,0.037148714,0.08784866
178.619385,-0.13722992,0.037148714,0.08784866
182.250977,-0.14680433,0.085021496,0.06869888
185.974122,-0.13722992,0.056298018,0.07827377
190.521241,-0.14680433,0.046723366,0.11657238
193.328858,-0.16205454,0.038411617,0.11552715
196.990967,-0.104607105,0.076709986,0.077228546
201.263428,-0.104607105,0.115008116,0.09637833
204.77295,-0.07588339,0.0862844,0.09637833
210.9375,0.010287285,0.0862844,0.09637833
215.911866,-0.008861542,-0.03818488,0.038930893
220.062256,0.029436588,-0.057333946,0.029356003
222.991944,0.002471447,-0.10832381,0.007095337
227.355958,0.002471447,-0.10832381,0.007095337
231.506348,0.002471447,-0.10832381,0.007095337
236.328125,0.031195164,-0.079600096,-0.0886507
240.631104,0.040769577,-0.070025444,-0.059926987
244.598389,0.002471447,0.035294533,-0.07907581
248.809815,0.01204586,0.06401825,-0.059926987
252.960206,-0.032161713,0.13768792,-0.006271362
257.8125,-0.032161713,0.14726257,-0.006271362
261.993409,-0.08003473,0.08981514,-0.14031506
266.418458,-0.13748217,0.032367945,-0.16903877
270.721436,-0.13748217,0.032367945,-0.16903877
273.986817,-0.09918356,-0.03465414,-0.2169118
277.923584,-0.08003473,-0.044228554,-0.24563503
281.585694,-0.11303282,-0.014438629,-0.21435452
285.491944,-0.03643608,0.004710436,-0.10903454
287.994385,0.001862049,0.033434153,-0.13775826
292.449952,0.068883896,0.014285088,-0.12818384
296.75293,0.0880332,-0.014438629,-0.16648197
300.323487,0.059309483,-0.052736998,-0.11860895
303.863526,0.059309483,-0.07188606,-0.13775826
307.891846,0.049734592,-0.09103513,-0.12818384
311.981202,-0.021783829,-0.109941244,-0.11601782
316.009522,-0.050507545,-0.062068462,-0.11601782
320.037842,-0.031358242,0.004953623,-0.16389084
323.822022,-0.11752939,0.07197547,-0.18303967
327.667237,-0.12710428,0.1102736,-0.15431595
332.336426,-0.14625311,0.15814662,-0.07771969
336.669922,-0.12710428,0.14857197,0.018025875
340.393067,-0.11752939,0.1102736,0.104197025
343.139649,-0.09974575,0.073670626,0.13033009
347.564698,-0.09017086,0.05452156,0.1590538
351.867676,-0.061447144,-0.022074938,0.13990498
355.590821,-0.07102203,-0.06994772,0.09203148
359.100342,-0.061447144,-0.08909702,0.044158936
363.494874,-0.05187273,-0.11782074,-0.022862911
367.248536,-0.032723904,-0.11782074,-0.022862911
371.368409,0.03429842,-0.14654422,-0.032437325
375.122071,0.0445652,-0.19611692,-0.027683258
379.364014,0.034990788,-0.20569158,-0.03725767
383.056641,0.034990788,-0.21526623,0.029764175
387.054444,0.0445652,-0.17696786,-0.008533955
391.784668,0.015841484,-0.10037136,0.029764175
394.897461,-0.051180363,0.014523268,0.17338276
398.529053,-0.099052906,0.0719707,0.21168041
402.496338,-0.21856022,0.12778425,0.31192684
407.287598,-0.27600718,0.1948061,0.32150173
411.865235,-0.31430578,0.15650797,0.29277802
414.916993,-0.29515648,0.08948612,0.2544794
418.640137,-0.1898365,0.051187754,0.28320313
422.485352,-0.10366535,-0.025408745,0.15873337
426.971436,0.020803928,-0.09243059,0.120435715
431.671143,0.087825775,-0.14987803,0.043838978
434.631348,0.19314623,-0.17860174,-0.013608456
438.476563,0.24101877,-0.16902709,-0.013608456
442.04712,0.26771832,-0.11594415,-0.030077457
446.594239,0.20069599,-0.08722043,-0.06837559
452.056885,0.11452532,0.0468235,-0.17369604
456.512452,0.03792858,0.11384535,-0.22156858
460.174561,0.03792858,0.11384535,-0.22156858
462.58545,-0.04824257,0.15214348,-0.16412115
466.339112,-0.07696581,0.17129278,-0.08752489
471.862793,-0.081748486,0.09485698,0.026819706
476.043702,0.023571968,0.11400628,-0.030627728
479.522706,0.023571968,0.11400628,-0.030627728
482.025147,0.061870098,0.18102813,-0.107224464
485.839844,0.042720795,0.25762463,-0.107224464
491.973877,0.052295685,0.31507206,-0.19339514
496.276856,0.052295685,0.31507206,-0.19339514
499.847413,0.013997078,0.25762463,-0.24126816
502.319336,-0.03484583,0.18050528,-0.29725885
506.164551,0.003452301,0.11348343,-0.30683327
509.674073,0.032176018,0.017737865,-0.38343
513.977051,0.08004904,-0.020560503,-0.38343
518.127442,0.11834717,0.03688693,-0.42172813
522.033692,0.1757946,0.07518506,-0.48874998
525.695801,0.23324203,0.17093062,-0.5174737
529.144288,0.27154016,0.14220715,-0.5078993
533.447266,0.23275518,0.17304325,-0.45521402
537.658692,0.15615892,0.09644675,-0.35946846
541.229249,0.06041336,0.067723274,-0.31159544
545.318604,0.002965927,0.13474512,-0.22542429
549.011231,0.002965927,0.15389419,-0.12967873
553.55835,0.041264057,0.20176697,-0.043508053
557.861329,0.18488264,0.2592144,-0.043508053
561.49292,0.40509748,0.31666183,-0.014784336
564.880372,0.55724716,0.3394792,0.15690231
569.091797,0.71044016,0.042667627,0.3292446
573.699952,0.7678876,-0.22541976,0.31966972
577.941895,0.7391639,-0.38818765,0.06115675
581.542969,0.6051197,-0.36903834,-0.24522924
585.388184,0.25086117,-0.34031463,-0.5228915
588.470459,-0.20871782,-0.37861276,-0.7909789
593.231202,-0.40216017,-0.25559902,-0.10751724
597.29004,-0.8042917,0.36674738,2.937193
600.799561,-2.6904802,1.7454841,1.606329
604.644776,-2.2309012,0.49121666,1.3765402
608.947754,-1.2925944,-0.9641166,-0.7681618
613.647461,-0.93833566,-1.4141207,-0.7777362
617.767334,-0.6128006,-1.2992258,-0.5287976
621.765137,-0.21792364,-0.22916603,0.5734148
625.457764,0.1746335,1.0825489,1.3585291
628.479004,0.6437869,2.0304306,1.5978928
633.758545,0.72995806,1.6665971,0.4585204
638.183594,-0.007283211,0.8336103,-0.6521287
641.784668,-0.007283211,0.8336103,-0.6521287
645.660401,-0.70622635,-0.21959114,-1.38937
648.07129,-0.82112074,-1.4451351,-1.7723522
653.533936,0.29910278,-2.6036568,-1.8968215
657.745362,0.6246376,-2.1345034,-1.8872471
661.407471,0.59490156,-2.0353441,-1.8105998
665.161133,0.652349,-1.2693791,-1.6382575
668.151856,0.56617785,-0.64703274,-1.3701701
673.919678,0.5087304,-0.21617746,-0.65207815
678.192139,0.38426113,-0.34064674,-0.44143772
681.762696,0.18319559,-0.48426533,-0.2786703
685.668946,0.18319559,-0.48426533,-0.2786703
688.171387,0.08745003,-0.6278839,-0.20207357
693.725586,-0.08515692,-0.56045866,-0.048227787
697.753907,-0.07558203,-0.35939312,-3.55E-04
701.293946,-0.08515692,-0.06258154,0.13368893
705.200196,-0.08515692,-0.06258154,0.13368893
707.824708,-0.0564332,0.21508074,0.21986008
714.141846,-0.04685831,0.5214665,0.2677331
718.322754,-0.027709484,0.4735937,0.21028566
722.167969,-0.001647472,0.4193735,0.16190386
725.891114,-0.049520016,0.28532958,0.027859688
728.240967,-0.07824373,0.16086054,-8.64E-04
733.36792,-0.11654186,0.093838215,-8.64E-04
736.450196,-0.12611675,-0.04020548,-0.106184006
740.325928,-0.20271301,-0.107227325,-0.16363144
743.347168,-0.1931386,-0.12637663,-0.27852583
747.283936,-0.1931386,-0.107227325,-0.38384628
753.173829,-0.1929245,-0.12094402,-0.38263845
756.286622,-0.10675335,-0.06349659,-0.3347659
759.796143,-0.08760452,0.041823387,-0.24859476
762.908936,-0.03015709,0.08012152,-0.21987104
766.967774,0.065588474,0.16629267,-0.12412548
770.568848,0.113461494,0.23331451,-0.018805504
775.177002,0.16133404,0.29076195,0.3354535
779.205323,0.14218521,0.41523123,0.53651905
782.806397,0.1925416,0.44180632,0.5150566
787.292481,0.11594486,0.48010445,0.6395254
791.107178,-0.06597185,0.54712653,0.73527145
794.982911,-0.21916485,0.5949993,0.8501663
798.828125,-0.38193226,0.6524465,0.9363375
802.459717,-0.4202304,0.6524465,1.0129337
806.45752,-0.41065598,0.66202116,0.9171877
810.119629,-0.38193226,0.6715958,0.85974026
814.727784,-0.35918093,0.65520334,0.7470393
818.572999,-0.3496065,0.5403085,0.5938468
822.875977,-0.29215908,0.4445629,0.32575893
826.812745,-0.1868391,0.27222085,0.0959692
830.322266,-0.052794933,0.1286025,0.05767107
834.747315,0.04295063,0.07115507,0.15341663
838.745118,0.04295063,0.042431355,0.20128965
842.529297,-0.102838516,3.92E-04,0.027964592
846.40503,-0.102838516,-0.13365126,-0.4124651
849.639893,-0.11241293,-0.27726984,-0.6805525
854.522706,-0.14113665,-0.33471727,-0.7475748
858.398438,0.002481461,-0.31556797,-0.6997018
862.1521,0.21312189,-0.25812054,-0.48906136
865.722657,0.33759117,-0.10492802,-0.40289068
869.445801,0.45248604,0.029116154,-0.35501766
874.542237,0.43802023,0.13179111,-0.36631775
878.967286,0.4092965,0.19881296,-0.31844473
882.995606,0.2273798,0.1030674,-0.21312475
887.35962,0.15078354,-0.011826992,-0.22269917
891.906739,0.15078354,-0.011826992,-0.22269917
896.209717,0.15078354,-0.011826992,-0.22269917
900.848389,0.016739368,-0.17459488,-0.2705722
905.059815,0.022551537,-0.15403986,-0.23395157
909.271241,0.00340271,-0.08701801,-0.14778042
914.520264,0.012977123,-0.010421276,-0.052034855
918.823243,-0.04447031,0.10447359,-0.03288555
922.76001,-0.11149216,0.114048004,-0.07118368
927.124024,-0.14979029,0.037451267,-0.14778042
930.816651,-0.14979029,0.037451267,-0.14778042
934.509278,-0.16320372,-0.068326,-0.2795987
938.323975,-0.19192743,-0.14492226,-0.36576986
942.108155,-0.12490511,-0.14492226,-0.33704615
945.861817,-0.057883263,-0.12577343,-0.21257687
948.608399,0.009138584,-0.068326,-0.15512943
954.528809,0.12403345,-0.030027866,-0.088107586
959.350586,0.15275717,-0.09704971,0.045936108
963.653565,0.108783245,-0.12886238,0.07867861
967.864991,0.05133581,-0.09056425,0.2318716
971.893311,-0.006111622,-0.07141495,0.32761717
977.050782,0.003463268,-0.033116817,0.33719158
981.140137,-0.044409752,0.024330616,0.3754897
985.443116,-0.07313347,0.12007618,0.45208645
988.189698,-0.1305809,0.2828436,0.46166086
994.537354,-0.06943655,0.5531144,0.53657246
999.542237,-0.040712833,0.7829037,0.49827433
1004.333497,-0.02156353,1.127588,0.40252876
1009.033204,-0.002414703,1.3382282,0.22061205
1014.526368,0.56248426,1.2616317,-0.07619953
1019.104004,1.0124888,0.84992576,-0.24854136
1023.345948,1.1745944,0.46299338,-0.13798523
1027.587891,1.0692744,-0.0348835,-0.19543266
1032.043458,0.552248,-0.35084438,-0.5209675
1036.712647,-0.2137165,-0.48488808,-1.0379939
1041.931153,-0.80733967,-0.6763792,-1.277358
1046.813965,-2.2435236,1.5449188,2.03544
1051.452637,-2.7572067,0.7032809,0.29365873
1056.45752,-1.1774042,-2.1212144,-2.3393455
1061.49292,-1.0146368,-3.394631,-3.1819067
1066.345215,-1.0146368,-3.394631,-3.1819067
1071.136475,0.23005629,-0.47439003,1.8447375
1076.019288,1.6662402,0.8086009,3.1373029
1079.589844,2.9971042,1.4309473,2.3426147
1084.472657,1.5034728,1.2490308,-0.7499685
1089.233399,-0.24867201,0.58838606,-1.6787009
1093.872071,-1.0926995,-0.04856062,-1.8605456
1098.999024,-1.016103,-0.39324474,-1.6116071
1103.729249,-0.432055,-0.45069218,-1.4584141
1108.36792,0.24773884,-0.25920105,-1.3722429
1112.457276,0.640296,0.02803564,-1.2286248
1116.790772,0.76476526,0.16207957,-0.77862024
1121.368409,0.7156334,0.13555431,-0.5014181
1125.671387,0.7156334,0.13555431,-0.5014181
1128.295899,0.50499344,0.00151062,-0.3386507
1132.385254,0.22733116,-0.0463624,-0.16630888
1137.237549,-0.07905483,-0.06551123,-0.041839123
1142.333985,-0.5577831,-0.1995554,0.32199383
1147.18628,-0.58650684,-0.28572607,0.4368887
1152.008057,-0.42290783,-0.25442266,0.5346637
1156.921387,-0.27928972,-0.07250595,0.47721624
1162.04834,-0.26014042,0.042388916,0.50593996
1167.114258,-0.24099112,0.042388916,0.46764183
1171.844483,-0.2122674,-0.043782234,0.35274696
1176.788331,-0.24099112,-0.12995338,0.18040514
1182.006836,-0.18991661,-0.20508194,-0.10958147
1187.072754,-0.19949102,-0.17635822,-0.10958147
1191.741944,-0.20906544,-0.15720892,-0.07128334
1196.594239,-0.20906544,-0.20508194,-0.061708927
1201.232911,-0.027148724,-0.3199768,-0.14788008
1205.627442,-0.007999897,-0.34870052,-0.3393712
1209.747315,0.02072382,-0.4348712,-0.35852003
1215.48462,0.049468517,-0.49737883,-0.28408003
1220.672608,0.049468517,-0.49737883,-0.28408003
1225.646973,-0.007978439,-0.43035698,0.14677525
1229.797364,0.03031969,-0.2867384,0.25209522
1235.778809,0.001595974,-0.123970985,0.3765645
1240.325928,-0.072407246,0.044470787,0.61525106
1244.84253,-0.23517466,0.54234767,1.132278
1249.572754,-0.26389837,0.68596625,1.333343
1255.859375,-0.2734728,0.8678827,1.3907905
1260.437012,-0.2734728,0.8295846,1.4578128
1264.831543,-0.3021965,0.7529881,1.4578128
1269.104004,-0.2734728,0.61894417,1.1992993
1273.284913,-0.19770765,0.4460957,0.9429116
1278.10669,-0.19770765,0.2929027,0.4354601
1283.386231,-0.15940952,-0.013483524,0.033328533
1288.085938,-0.15940952,-0.061356068,0.06205225
1292.236329,-0.034940243,0.015240192,0.08120155
1296.569825,-0.05408907,0.15885878,0.052477837
1301.239014,-0.1306858,0.19715714,0.004604816
1304.840088,-0.13408947,0.17032528,-0.08102274
1308.837891,-0.15323877,0.09372854,-0.023575306
1312.988282,-0.2011118,0.017132282,-0.061873913
1317.962647,-0.12451506,-0.059464455,-0.109746456
1323.150635,0.1052742,-0.021165848,-0.1767683
1328.094483,0.18187094,0.065004826,-0.28208876
1332.91626,0.1727848,0.08490801,-0.29103804
1337.768555,0.13448668,0.05618429,-0.26231432
1342.926026,0.05788994,-0.19275427,-0.30061293
1347.930909,0.06746483,-0.27892494,-0.41550732
1352.661133,0.086613655,-0.3746705,-0.5208278
1357.574463,0.11533737,-0.3459468,-0.7123189
1362.731934,0.069310665,-0.13543892,-0.72206926
1367.614747,0.10760927,0.008179188,-0.6550474
1372.314454,0.1267581,0.036902905,-0.5976
1377.227784,0.1459074,0.084775925,-0.5018544
1382.476807,0.17463112,0.046477795,-0.339087
1387.420655,0.19377995,-0.020544529,-0.3295126
1392.120362,0.2114954,-0.07796192,-0.27317762
1397.033692,0.2114954,-0.17370749,-0.17743158
1402.191163,0.15404797,-0.097111225,-0.16785717
1406.982422,0.08702612,-0.03966379,-0.17743158
1411.132813,0.058302402,0.036932945,-0.18700647
1415.618897,0.029578686,0.09438038,-0.17743158
1418.762208,0.029578686,0.12310362,-0.11998463
1422.912598,0.071811676,0.12669373,-0.014554501
1427.642823,0.052662373,0.19371557,0.02374363
1432.403565,0.071811676,0.12669373,0.08119106
1437.194825,0.20585537,-0.026499271,0.033318043
1441.741944,0.20585537,-0.026499271,0.033318043
1446.258545,0.20585537,-0.026499271,0.033318043
1450.408936,0.023938656,-0.055222988,-0.38796234
1453.186036,0.010610104,-0.03810501,-0.3695426
1457.977295,0.00103569,0.115087986,-0.7238016
1463.195801,0.10635567,0.24913168,-0.8291216
1467.834473,0.12550497,0.32572818,-0.8195472
1472.015381,0.15422869,0.34487748,-0.8195472
1476.593018,0.3552947,0.2778554,-0.62805605
1480.163575,0.55697346,0.15288544,-0.49876595
1484.680176,0.805912,-0.5364833,0.171453
1489.257813,0.805912,-0.8045707,0.37251902
1493.988038,0.7676139,-0.93861485,0.55443525
1499.084473,0.652719,-0.76627254,0.68847895
1503.265381,0.37505674,-0.5556321,0.76507616
1507.598877,0.049521923,-0.2396717,0.5352864
1511.871338,-0.33120298,-0.032356262,0.12493849
1517.242432,-0.637589,0.015516281,-0.43038607
1520.751954,-0.6184397,0.17828417,-1.0623074
1525.848389,-0.6184397,0.17828417,-1.0623074
1530.090333,-2.006751,2.6676698,4.69E-04
1534.576417,-1.5471721,0.3602004,-2.326149
1538.787842,-1.8631327,-1.4685407,-3.139987
1543.395997,-0.7854426,-2.778348,-1.5524487
1548.583985,0.58371973,-1.0836511,0.97523546
1553.283692,1.5124521,0.6589191,3.1103625
1557.983399,2.2496934,1.5589278,3.9241996
1562.652588,2.3550134,1.83659,3.3114285
1566.986084,1.4550047,1.6355243,2.0667357
1571.105958,0.028395176,1.0610507,0.8699155
1575.744629,-1.1492758,0.3429587,0.21884489
1579.467774,-1.2641704,-1.0645018,0.13267422
1584.381104,-0.6382408,-1.2053857,0.104074955
1588.989258,-0.05419302,-1.0330434,-0.029968739
1593.780518,0.42453527,-0.6404867,-0.21188545
1598.449708,0.6447501,-0.2766533,-0.259758
1602.996827,0.54900455,-0.046863556,-0.08741617
1607.421875,0.13729858,0.09675455,-0.15443802
1611.663819,-0.19717312,0.35950232,-0.2327261
1616.302491,-0.19717312,0.35950232,-0.2327261
1619.812012,-0.4939847,0.34992743,-0.34762096
1624.938965,-0.43653727,0.1775856,-0.31889725
1629.180909,-0.28334427,-0.03305483,-0.27102423
1633.544922,-0.11100197,-0.1479497,-0.18485355
1638.183594,0.03261614,-0.09050226,-0.18485355
1643.188477,0.04932928,0.17209578,-0.1914339
1647.399903,-0.02726698,0.32528877,-0.03824091
1651.489258,-0.02726698,0.32528877,-0.03824091
1656.219483,-0.02726698,0.32528877,-0.03824091
1659.973145,-0.2474823,0.63167477,0.04793024
1664.978028,-0.32407856,0.6986966,-0.14356089
1669.708252,-0.29286814,0.61113715,-0.26814747
1674.743653,-0.22584629,0.47709322,-0.23942375
1679.382325,-0.043929577,-0.05908203,-0.21070004
1684.783936,0.051815987,-0.24099874,-0.53623486
1689.483643,0.14756155,-0.3271699,-0.6415553
1694.549561,0.2145834,-0.26972246,-0.66070414
1699.279786,0.17628527,-0.116529465,-0.1724019
1704.864502,0.15160275,-0.0859766,0.11577129
1709.655762,0.13245344,-0.066827774,0.4700303
1714.752198,0.18032646,0.048067093,0.7285433
1718.902588,-0.039888382,0.19168568,1.2455692
1723.571778,-0.11648512,0.20126009,0.8913107
1727.905274,-0.13563395,0.16296196,0.5657759
1732.086182,-0.17655516,0.12791443,0.5648265
1738.128663,-0.27230072,0.17578697,0.5839753
1741.455079,-0.243577,0.271533,0.81376505
1746.215821,-0.19570398,0.376853,0.82333994
1750.946045,-0.31059885,0.05131769,0.40205908
1755.950928,-0.31059885,0.05131769,0.40205908
1759.58252,-0.18486977,-0.38986015,-0.1655283
1764.678956,-0.041251183,-0.42815876,-0.28999758
1769.28711,0.11194134,-0.2941146,-0.26127386
1774.108887,0.20768738,-0.1409216,-0.26127386
1778.778077,0.21726179,0.09844208,-0.37616825
1783.325196,0.16938877,0.050569534,-0.299572
1787.719727,0.15981436,0.002696514,-0.35701942
1792.236329,0.11639547,0.005046368,-0.35583687
1796.478272,0.10682106,0.043344498,-0.4324336
1800.323487,0.07809734,0.033770084,-0.47073174
1805.419922,0.039799213,-0.02367735,-0.52817917
1810.180665,0.049373627,-0.08112478,-0.50902987
1815.124512,0.10682106,-0.19601965,-0.394135
1819.885254,0.13481808,-0.1724863,-0.3598838
1825.439454,0.07737064,-0.08631563,-0.18754148
1830.047608,0.010348797,0.019004822,-0.12051964
1835.052491,-0.027949333,0.10517597,0.013524056
1839.355469,-0.01837492,0.20092154,0.09012079
1843.902588,-0.08539677,0.3062415,0.15714264
1848.236084,-0.06624746,0.36368895,0.13799334
1852.386475,-0.10260391,0.33982897,0.20557165
1856.750489,-0.10260391,0.33982897,0.20557165
1859.832764,-0.13132763,0.27280712,0.21514606
1863.983155,-0.121753216,0.13876343,0.22472048
1868.988038,-0.073880196,-0.14847374,0.1002512
1873.87085,-0.016432762,-0.27294302,0.03322935
1878.814698,0.021865368,-0.25379372,0.023654938
1884.002686,-0.033325195,-0.25983286,-0.06421471
1888.885499,-0.014175892,-0.20238543,-0.17910957
1893.615723,0.03369665,-0.116214275,-0.17910957
1898.254395,0.03369665,-0.116214275,-0.17910957
1901.428223,0.11029339,0.017829418,-0.08336401
1905.88379,0.11029339,0.017829418,-0.08336401
1910.03418,0.11029339,0.3242154,0.031530857
1914.093018,0.04570484,0.59255767,0.05779314
1919.891358,0.064854145,0.68830323,0.25885868
1925.445557,0.25634527,0.4968121,0.38332796
1929.595948,0.49570942,0.34361935,0.55567026
1934.448243,0.6106038,0.2574482,0.69928837
1939.514161,0.6106038,0.13297892,0.7567358
1944.06128,0.44005632,-0.24814749,0.4684806
1948.303223,0.3826089,-0.4492135,0.01847601
1952.484131,0.2389903,-0.54495907,-0.4794011
1957.336426,-0.10569382,-0.4204898,-0.70919037
1962.554932,-0.5173998,0.5369663,1.5121074
1967.529297,-2.0110314,1.2550585,-0.70919037
1972.351075,-1.2820439,-1.022984,-3.5884383
1977.264405,-1.8086448,-2.1623569,-3.9139733
1982.391358,-1.607579,-2.8804488,-3.2820523
1987.396241,-0.12352228,-2.4112954,-1.0033069
1992.126465,2.9499116,0.757884,2.7211971
1997.100831,3.1892757,1.8206604,2.1467237
2002.380372,2.2882657,2.1438775,0.7044654
2007.232667,0.5839939,1.8853643,-0.23384142
2011.932374,-1.1490014,1.2055707,-0.6742711
2016.723633,-1.1490014,1.2055707,-0.6742711
2020.996094,-0.9479356,-1.1784949,-0.8083153
2024.902344,-0.009628773,-1.379561,-0.88491154
2029.083252,0.6222925,-1.3125386,-0.93278456
2033.294678,0.9987359,-1.0681133,-0.83988094
2039.886475,0.9508629,-0.5415125,-0.16008711
2045.501709,0.5487313,-0.14895535,0.07927704
2049.713135,0.14659977,0.31062365,0.11757517
2054.56543,-0.2746806,0.5882857,0.11757517
2058.715821,-0.6289396,0.3393469,0.26119375
2063.26294,-0.5087304,-0.017726421,0.30371332
2068.17627,-0.29808998,-0.314538,0.32286215
2072.875977,-0.039577007,-0.34326124,0.28456402
2077.636719,0.07531786,-0.21879196,0.16966915
2081.78711,0.017870426,-0.036875725,0.16966915
2086.57837,-0.09702444,0.06844473,0.28456402
2090.698243,-0.20234442,0.19291401,0.3994589
2093.475342,-0.23095226,0.23665047,0.25939274
2098.388672,-0.35542154,0.34197044,0.029603004
2103.637696,-0.30754852,0.29409742,0.039177895
2108.24585,-0.2788248,0.18877745,-0.056568146
2112.426758,-0.2979741,0.1217556,-0.06614256
2116.94336,-0.22137785,0.1026063,-0.10444069
2121.09375,-0.13228703,0.04425955,-0.19633675
2125.854493,-0.017392159,0.05383396,-0.110165596
2128.54004,0.04962969,-0.022762775,0.023878098
2132.781983,0.09750271,-0.051486015,0.090899944
2137.725831,0.030480385,-0.13765717,-0.014420033
2142.944336,0.030480385,-0.1759553,-0.119740486
2147.888184,-0.007817745,-0.15680647,-0.15803862
2152.740479,0.048815727,0.004205227,-0.13686228
2157.684327,0.077539444,0.09995079,-0.06026554
2162.81128,0.13498688,0.14782381,0.1599493
2167.510987,0.12541246,0.19569683,0.34186602
2172.424317,0.12541246,0.2531438,0.4759097
2176.910401,0.048815727,0.29144216,0.73442316
2181.518555,-0.048811436,0.43156767,1.0816388
2186.218262,-0.048811436,0.43156767,1.0816388
2190.2771,-0.15413189,0.54646254,0.8805728
2193.0542,-0.21157932,0.62305903,0.7848277
2198.059083,-0.3360486,0.55603695,0.68908167
2203.247071,-0.35519743,0.46986604,0.6029105
2208.221436,-0.37434673,0.3358221,0.33482313
2212.921143,-0.13023424,0.006942749,-0.0416193
2217.803956,0.003809929,-0.012206554,0.17859602
2223.022461,-0.024913788,0.073964596,0.34136343
2227.966309,-0.12065935,0.19843388,0.15944672
2232.788086,-0.2068305,-0.11752653,-0.44375086
2237.731934,-0.08236122,-0.3473158,-0.60651827
2242.919922,0.06587219,-0.4029436,-0.61263275
2247.802735,0.27651215,-0.4029436,-0.6988034
2252.532959,0.42970514,-0.048685074,-0.60305786
2257.44629,0.42970514,-0.048685074,-0.60305786
2262.145997,0.32438517,0.35344648,-0.32539558
2267.639161,0.2286396,0.44919205,-0.24879932
2272.338868,0.06791496,0.28782225,-0.1348114
2277.22168,0.06791496,0.28782225,-0.1348114
2282.01294,-0.018256187,0.09633112,-0.09651327
2287.445069,-0.046979904,-0.008988857,-0.039065838
2292.175293,-0.056554317,-0.018563747,0.06625414
2297.241211,-0.056554317,-0.018563747,0.06625414
2301.971436,-0.10063839,0.13675356,0.16080523
2307.312012,-0.10063839,0.10802984,0.122507095
2312.011719,-0.19638395,-0.112185,0.07463455
2317.016602,-0.11978769,-0.23665428,0.036335945
2321.746827,-0.043190956,-0.33239985,-0.001962185
2327.11792,0.033405304,-0.33239985,-0.10728216
2331.970215,0.01256752,-0.27473402,-0.18261766
2336.853028,-0.06402922,-0.17898798,-0.18261766
2341.522217,-0.06402922,-0.12154102,-0.11559582
2347.076417,0.041291237,-0.01622057,-0.096446514
2351.837159,0.041291237,-0.01622057,-0.096446514
2356.781006,0.031716347,0.012503147,0.03759718
2361.602784,-0.05248785,0.05499649,0.12299156
2366.973877,-0.22483015,0.40925503,0.25703526
2371.673584,-0.22483015,0.40925503,0.25703526
2376.586915,-0.17695713,0.5337243,0.6112938
2381.408692,-0.10036087,0.51457524,0.6304431
2385.284424,0.033682823,0.44755316,0.6591668
2390.014649,0.10647154,0.4144807,0.68377876
2395.111084,0.39370823,-0.016374588,0.7316518
2399.688721,0.45115566,-0.16956758,0.7220769
2405.090333,0.38413382,-0.13126945,0.118879795
2409.91211,0.3362608,-0.13126945,-0.7907033
2414.886475,0.07774782,-0.23658943,-2.8109355
2419.586182,-0.24925804,0.24123621,0.82710266
2425.048829,-1.5896966,1.6103983,0.8749752
2429.6875,-2.0971482,0.07846832,-3.0697432
2434.875489,-1.4652274,-4.2492332,-1.4899406
2439.025879,-0.8428807,-3.9332724,-2.0835638
2443.878174,1.2347989,-2.3534698,0.24305439
2448.303223,2.757154,0.24123621,2.5218
2452.667237,2.790286,2.2360692,2.949885
2457.489014,2.024321,3.2030997,2.423284
2462.249756,-0.5895338,2.0350034,0.039218426
2467.49878,-1.3842223,0.7903106,-0.9278121
2471.679688,-1.5182662,-0.44480753,-1.5118604
2476.043702,-1.0682619,-1.2107725,-1.7799482
2481.414795,-0.28564596,-1.4661708,-1.9724207
2486.785889,1.1409636,-0.8533993,-1.7522058
2491.455079,1.2941566,-0.5470133,-1.1490088
2496.459961,1.0835161,-0.19275427,-0.50751305
2501.89209,0.5952134,0.1998024,-0.1341052
2505.340577,0.08776188,0.48703933,-0.028784752
2509.948731,-0.6399045,0.33384633,0.13398266
2514.099122,-0.66407967,-0.034854412,0.31851196
2518.951417,-0.66407967,-0.034854412,0.31851196
2524.597168,-0.2236495,-0.6763501,0.44298124
2528.839112,0.025289059,-0.6093278,0.44298124
2532.989502,0.10188532,0.022593021,0.5195775
2537.353516,0.10188532,0.022593021,0.5195775
2541.687012,0.02306223,0.3006158,0.5789199
2545.989991,-0.120556355,0.49210715,0.65551615
2550.628663,-0.120556355,0.49210715,0.65551615
2553.802491,-0.30247307,0.4250853,0.36827946
2558.563233,-0.26417494,0.3006158,0.2533846
2562.713624,-0.22587633,0.1761465,0.08104277
2567.443848,-0.17800379,0.080400944,0.014020443
2571.594239,-0.15047407,-0.04679823,-0.049001694
2575.408936,-0.083452225,-0.1521182,-0.09687424
2579.437256,-0.07387781,-0.1521182,-0.17347097
2583.587647,-0.054728508,-0.1521182,-0.32666397
2589.080811,-0.045154095,-0.08509636,-0.18304539
2593.963624,-0.006855965,-0.056372643,0.00844574
2598.937989,-0.016430378,-0.037223816,0.1041913
2603.668213,-0.007741928,-0.006025791,0.13436604
2609.222413,-0.007741928,0.11844349,0.2109623
2613.92212,0.001832485,0.17589092,0.27798462
2618.83545,0.05927992,0.26206207,0.46947575
2623.565674,0.06885433,0.3865311,0.593945
2628.997803,0.04970503,0.5875969,0.62266874
2633.728028,0.014869213,0.63257885,0.59490776
2638.519288,-0.052152634,0.60385513,0.6044822
2643.341065,-0.100025654,0.5176842,0.47043848
2648.406983,-0.11917448,0.2783203,0.3459692
2652.557374,-0.11917448,0.2783203,0.3459692
2657.073975,-0.20534563,-0.008916855,-0.084886074
2661.193848,-0.20534563,-0.008916855,-0.084886074
2664.672852,-0.13215113,-0.19676828,-0.39819193
2669.250489,-0.1130023,-0.17761946,-0.24499893
2674.133301,-0.06512928,-0.14889574,-0.1875515
2678.68042,0.001892567,0.042595387,-0.15882778
2683.654786,0.001892567,0.5979202,0.032663345
2688.507081,-0.14172602,0.79898596,-0.12052965
2693.0542,-0.4399104,0.70930433,-0.426044
2697.875977,-0.46863413,7.87E-04,-0.40689516
2703.76587,-0.11437559,-1.1290112,-0.014338017
2709.106446,0.40265083,-1.1002874,0.08140755
2713.378907,0.8813791,-0.97581816,0.19630241
2717.712403,0.9866991,-0.6024103,0.11970568
2723.449708,0.4356966,0.36003733,-0.10504341
2728.759766,0.11016178,0.5994015,-0.18163967
2733.489991,-0.11005306,0.69514704,-0.15291595
2738.220215,-0.23452234,0.6664233,-0.13376665
2743.07251,-0.26324606,0.5036559,-0.29653454
2746.490479,-0.26324606,0.21641922,-0.43057823
2750.64087,-0.17707491,-0.003795624,-0.5646219
2753.387452,-0.081329346,-0.2910328,-0.64121866
2758.483887,0.014416218,-0.42507648,-0.7082405
2763.3667,0.04725647,-0.4616828,-0.64160347
2767.150879,0.11427832,-0.4712572,-0.40223932
2771.850586,0.16215134,-0.39466047,-0.31606817
2776.763917,0.18130016,-0.27976608,-0.17245007
2783.294678,0.15257645,-0.1361475,0.047764778
2787.231446,0.11427832,-0.05955124,0.18180895
2791.381836,0.10421133,-0.011883736,0.32881308
2796.051026,0.07548761,-0.098054886,0.30966377
2800.720215,0.07548761,-0.098054886,0.30966377
2804.840088,-0.08728027,-0.07890558,0.1947689
2808.990479,-0.08728027,0.035989285,0.18519449
2813.14087,-0.16387653,0.1987567,0.09902334
2817.474366,-0.19260025,0.3328004,0.17562008
2821.685792,-0.2321558,0.44494104,0.2960348
2825.317383,-0.13641024,0.50238824,0.4013548
2829.864502,-0.02151537,0.39706802,0.4205041
2834.991456,0.22742319,0.11940575,0.5928459
2839.233399,0.41891432,-0.02421236,0.9375305
2843.38379,0.5338092,0.01408577,1.0715742
2848.175049,0.5338092,-0.02421236,0.94710445
2852.416993,0.40360403,0.23635769,0.54384327
2856.719971,0.020621777,0.561893,-0.3082924
2860.778809,-0.4198079,0.8012569,-1.1125555
2864.898682,-0.5442772,0.8012569,-0.72957325
2870.056153,-2.4208913,2.1129715,-0.70084953
2874.969483,-1.7315228,-0.8551421,-3.0657659
2879.760743,-1.546689,-3.667626,-3.998314
2884.674073,-1.853075,-5.391047,-4.151507
2889.831543,2.8671832,-4.1463532,1.1910982
2894.775391,4.8012443,-0.74738455,2.0432339
2899.505616,4.399113,2.613286,1.928339
2904.632569,2.0150476,4.6718163,0.89428616
2909.851075,-2.4174728,2.8604167,-0.7735491
2914.764405,-2.331302,0.4667766,-0.9075928
2919.464112,-1.2110782,-1.4194117,-1.032062
2924.621583,0.10063648,-2.2523985,-1.1086583
2929.199219,1.1442637,-1.0555787,-0.74482536
2933.34961,1.0197945,-0.15557003,-0.40971565
2937.866211,0.761281,0.37103105,-0.11290407
2942.016602,0.8031459,0.4194572,-0.111938
2945.709229,0.33399248,0.56307554,0.12742615
2950.317383,-0.5372925,0.05562401,0.26146984
2955.535889,-0.7479329,-0.16459131,0.36678982
2959.655762,-0.7192092,-0.250762,0.39551353
2964.84375,-0.30750275,-0.1358676,0.58700466
2969.482422,-0.12558651,0.18009329,0.59657955
2973.663331,-0.06653404,0.410923,0.4927969
2977.966309,-0.076108456,0.4875195,0.47364807
2982.1167,-0.15270472,0.37262464,0.42577505
2987.426758,-0.17185402,0.17155886,0.36832762
2992.1875,-0.38249445,-0.12525225,0.14811277
2997.070313,-0.38249445,-0.12525225,0.14811277
3001.861573,-0.27571535,-0.098372936,-0.17645502
3007.263184,-0.2086935,-0.040925503,-0.32964802
3011.932374,-0.122522354,0.05482006,-0.281775
3016.998292,-0.122522354,0.05482006,-0.281775
3021.728516,-0.122522354,0.05482006,-0.281775
3026.641846,0.011521339,-0.07922411,0.024610996
3030.273438,0.06896877,0.016521454,0.043759823
3033.90503,0.06757355,0.11590719,0.1014657
3039.337159,0.048424244,0.16377974,0.18763685
3045.074463,0.08672285,0.1063323,0.34082985
3050.109864,0.08672285,-0.008562088,0.36955357
3054.473877,0.10587168,0.029736042,0.39827728
3058.624268,0.12502098,0.11590719,0.4078517
3062.774659,0.047136784,0.24308681,0.43618584
3067.138672,-0.12520552,0.35798144,0.5127826
3071.655274,-0.21137619,0.4441526,0.37873888
3076.324463,-0.21137619,0.4441526,0.37873888
3081.02417,-0.2496748,0.2335124,0.35001516
3086.059571,-0.11563063,0.070744514,0.263844
3089.691163,-0.06775808,-0.034575462,0.15852356
3093.261719,-0.05984974,-0.05379629,0.16275597
3098.29712,-0.08857298,-0.12081814,0.15318155
3103.027344,-0.20346785,-0.09209442,0.34467268
3108.459473,-0.22261715,-0.09209442,0.2010541
3113.189698,-0.12687159,-0.14954185,0.0478611
3118.255616,-0.031126022,-0.16869116,-0.17235374
3123.016358,0.011204243,-0.15927935,-0.21271896
3128.417969,0.011204243,-0.00608635,0.04579401
3133.209229,-0.027093887,0.13753176,0.16068888
3138.092042,-0.04624319,0.33859777,-0.059525967
3142.852784,-0.12283945,0.10880804,-0.34676266
3148.406983,-0.1898613,-0.01566124,-0.2893157
3153.10669,-0.11322355,-0.11199999,-0.07814312
3157.89795,0.17401314,-0.18859625,-0.0302701
3162.597657,0.34635544,0.08906603,-0.13559055
3167.877198,0.23146057,0.23268414,-0.28878355
3172.027588,0.1261406,0.35715342,-0.32708168
3176.361084,0.011245728,0.30928087,-0.3845291
3180.603028,-0.10364914,0.21353531,-0.3653798
3184.875489,-0.16059875,0.077744484,-0.22040367
3189.27002,-0.17017365,-0.0850234,-0.18210506
3193.420411,-0.09357691,-0.1999178,-0.22997808
3198.455811,0.16493607,-0.33396196,-0.35444736
3203.216553,0.14578724,-0.30523825,-0.31614923
3208.587647,0.10748863,-0.27651453,-0.29699993
3213.409424,0.052680492,-0.15769625,-0.13095999
3218.200684,0.09097862,-0.15769625,-0.044788837
3222.717286,0.11970234,-0.12897253,0.012658119
3227.691651,0.062254906,-0.061950684,0.06053114
3232.452393,0.03353119,-0.033226967,0.14670229
3236.724854,-0.004766941,-0.00450325,0.22329855
3240.631104,-0.05263996,0.005071163,0.24244785
3245.330811,-0.050305367,0.01139164,0.22562838
3249.75586,-0.050305367,0.040115356,0.26392698
3253.814698,-0.13647604,0.16458464,0.26392698
3257.720948,-0.16519976,0.27947903,0.26392698
3261.291504,-0.16519976,0.27947903,0.26392698
3265.25879,-0.21307278,0.3943739,0.20647955
3267.974854,-0.14605093,0.37522507,0.110733986
3271.942139,-0.09642553,0.41884518,0.07995701
3275.726319,-0.048552513,0.36139774,0.108680725
3279.541016,0.018469334,0.33267403,0.20442629
3285.552979,0.04719305,0.34224892,0.32889557
3290.100098,0.16208792,0.28480148,0.3767681
3294.586182,0.45889902,-0.002435207,0.3671937
3298.76709,0.66953945,-0.26094866,0.48208857
3305.45044,0.31866932,-0.36934042,0.37253666
3309.936524,0.041007042,-0.359766,0.104448795
3314.422608,-0.15048409,-0.3406167,-0.5083227
3318.603516,-0.3132515,-0.36934042,-1.2838621
3322.753907,-0.45687008,-0.4746604,-1.858336
3327.819825,-0.26537895,-0.359766,0.04700184
3332.366944,-1.9902291,1.2271943,-0.5542402
3337.127686,-1.9902291,1.2271943,-0.5542402
3341.796875,-1.0519221,-2.2196474,-2.5648975
3346.893311,-0.831707,-2.4973097,-1.8563805
3351.44043,0.7097969,-1.8941126,0.010659218
3355.834961,2.6055598,-0.06537151,1.4755669
3358.612061,3.2183318,2.1367774,2.3947248
3362.335206,2.442872,3.3115067,2.1876817
3367.431641,0.91094255,3.397678,1.3834186
3371.948243,-0.64971066,2.4785202,0.44511127
3376.89209,-1.5305703,1.0136123,-0.38787556
3381.591797,-1.3582282,-1.3321548,-0.84745455
3386.566163,-0.7167325,-1.7055626,-0.83788013
3390.197754,0.028429508,-1.469511,-0.64831877
3395.874024,0.8326926,-0.4546075,-0.38023138
3400.482178,0.8326926,-0.4546075,-0.38023138
3403.625489,0.43056107,-0.042901516,-0.24618721
3408.843995,0.057153225,0.033694744,-0.20788908
3412.994385,-0.34497833,0.004971027,-0.13129282
3417.327881,-0.5556183,-0.004603386,-0.07384539
3421.447754,-0.54389286,-0.11178112,-0.028326988
3425.842286,-0.4481473,-0.21710157,0.038695335
3430.023194,-0.3045287,-0.32242155,0.029120445
3434.692383,-0.13218689,-0.30327225,0.076993465
3439.483643,0.03058052,-0.13093042,0.1344409
3444.885254,-0.055590153,0.022262573,0.18231344
3450.10376,-0.121943,0.060137272,0.1518693
3454.986573,-0.16981602,-0.11220455,0.18059301
3459.716797,-0.18896484,-0.14092827,0.10399675
3464.84375,-0.1410923,-0.13135386,0.036974907
3469.39087,-0.10279369,-0.10263014,-0.030047417
3473.54126,-0.05492115,-0.16007757,-0.049196243
3478.027344,0.002526283,-0.18880129,-0.10664368
3482.177735,0.064388275,-0.22010136,-0.19334555
3486.877442,0.016515255,-0.11478138,-0.13589811
3492.126465,0.026090145,-0.02861023,-0.08802509
3496.97876,0.04523897,0.038411617,-0.04015255
3501.129151,0.03566456,0.08628416,0.0460186
3506.622315,-0.04093218,0.12458277,0.14176416
3511.59668,-0.026673794,0.15870094,0.22809839
3516.204834,-0.20859051,0.2544465,0.3621421
3520.843506,-0.21816492,0.30231905,0.4004407
3526.702881,-0.08412123,0.31189394,0.45788765
3531.372071,-0.0649724,0.27359533,0.6589532
3535.79712,-0.0649724,0.27359533,0.6589532
3538.604737,-0.045823097,0.120402336,0.33341837
3543.212891,-0.050670147,0.13614607,0.34595633
3547.393799,-0.050670147,0.13614607,0.34595633
3551.910401,-0.10811758,-0.1032176,0.07786894
3556.57959,-0.10811758,-0.017046928,0.25021076
3561.401368,-0.11769199,0.15529537,0.54702234
3566.619874,-0.08896828,0.31806278,0.34595633
3570.220948,-0.15666437,0.089440346,-0.14210272
3575.286866,-0.13751507,-0.14034891,-0.2857213
3579.89502,-0.13751507,-0.2839675,-0.32401943
3584.838868,-0.09921694,-0.33184004,-0.30487013
3590.026856,0.14972162,-0.2839675,-0.19955015
3595.123292,0.40823507,0.003269672,-0.32401943
3599.884034,0.3126998,0.20910215,-0.27962542
3604.858399,0.14993238,0.2569747,-0.2604761
3610.01587,0.025463104,0.17080355,-0.29877424
3614.990235,-0.08943176,-0.17388058,-0.42324352
3619.720459,-0.108581066,-0.31749868,-0.49984026
3624.694825,-0.041558743,-0.40366983,-0.49026585
3630.035401,-0.010963917,-0.28389454,-0.3185568
3634.948731,0.14222908,-0.14027596,0.006978035
3639.61792,0.1613779,0.003342152,0.06442547
3644.805909,0.13265467,0.05121517,0.07399988
3649.353028,0.027334213,0.07993889,0.026127338
3653.503418,-0.10670948,0.022491455,-0.031320095
3657.89795,-0.09713507,0.003342152,-0.002596378
3662.139893,-0.08250618,0.053059578,-0.004384518
3666.870118,-0.08250618,0.053059578,-0.004384518
3671.966553,-0.015484333,0.22540188,0.08178663
3676.849366,0.022813797,0.27327442,0.18710661
3680.999756,0.013239384,0.30199814,0.14880848
3685.394288,0.013239384,0.30199814,0.14880848
3688.568116,0.0419631,0.14880514,-0.042682648
3692.840577,0.03866768,0.114863396,-0.10199642
3697.601319,0.07696581,0.105288506,-0.18816757
3702.301026,0.15356255,0.105288506,-0.2264657
3707.122803,0.22058439,0.04784155,-0.13072014
3711.669922,0.2397337,-0.07662773,-0.025399685
3716.064454,0.29718065,-0.29684305,0.06077099
3720.214844,0.3546281,-0.46918488,0.20438957
3722.991944,0.31937885,-0.4211917,0.35699368
3728.607178,0.11831331,-0.09565687,0.0984807
3733.795167,-0.07317829,-0.04778385,-0.12173414
3738.372803,-0.32211685,-0.057358265,-0.49514198
3742.645264,-0.3987131,-0.25842428,-0.91642284
3748.504639,-0.22637129,-0.2967224,0.49103737
3753.082276,-0.86932206,1.0006926,0.44078064
3757.44629,-1.2235808,1.2209074,-0.43050432
3761.566163,-1.0512388,-0.36846972,-1.5986009
3766.479493,-1.0512388,-0.36846972,-1.5986009
3770.111084,-0.2565503,-2.3025308,-1.9911575
3775.20752,0.8349495,-2.1493378,-0.8422103
3779.937745,2.1186705,0.5809505,1.6497784
3784.942627,2.1186705,0.5809505,1.6497784
3789.672852,0.6729121,2.2756476,2.310423
3795.043946,-0.27496958,2.0362837,1.4965858
3799.77417,-1.2994475,0.3703103,-0.22683525
3804.748536,-1.2994475,0.3703103,-0.22683525
3809.600831,-0.9590063,-0.8686514,-0.40780497
3815.002442,0.19951534,-0.7441821,-0.2737608
3819.580079,0.5920725,-0.4665203,-0.33120823
3824.798584,0.5920725,-0.4665203,-0.33120823
3828.948975,0.4676032,-0.04523945,-0.25461197
3833.496094,0.18036652,0.13667727,-0.3120594
3838.012696,-0.068572044,0.25157213,-0.3120594
3842.132569,-0.2165618,0.32888842,-0.27028608
3846.771241,-0.33145666,0.27144098,-0.1266675
3850.280762,-0.3697548,0.166121,0.03609991
3855.377198,-0.28358364,0.012928009,0.03609991
3859.710694,0.032376766,-0.11154127,0.016950607
3863.983155,0.0898242,-0.054093838,0.016950607
3868.255616,0.05152607,0.032077312,0.08397293
3872.86377,-0.026091576,0.07067299,0.15618706
3877.014161,-0.06439018,0.07067299,0.15618706
3881.042481,-0.073964596,0.08982229,0.21363449
3884.735108,-0.026091576,0.108971596,0.17533588
3889.526368,-0.016517162,0.13769531,0.13703775
3894.897461,0.002632141,0.07067299,0.13703775
3899.566651,0.004843712,0.050994396,0.103618145
3904.663086,-0.03345442,-0.01602745,0.04617071
3909.179688,-0.07175255,-0.073474884,-0.020851612
3914.459229,-0.11962557,-0.054326057,0.11319256
3919.311524,-0.16749859,0.012696266,0.11319256
3923.980713,-0.16749859,-0.006453037,0.055745125
3929.199219,-0.1579237,-0.02560234,0.04617071
3934.448243,-0.1709938,-0.050416946,-0.08355379
3938.995362,-0.22844124,-0.012118816,-0.36121607
3943.603516,-0.25716496,-0.040842533,-0.41866302
3948.181153,-0.25716496,-0.040842533,-0.41866302
3951.293946,-0.084822655,-0.24190807,-0.6580272
3955.688477,-0.017800808,-0.33765364,-0.62930346
3959.869385,0.08751917,-0.4333992,-0.5335579
3963.989258,0.18466043,-0.47046804,-0.44718933
3969.39087,0.2899804,-0.4321699,-0.33229494
3973.999024,0.25168228,-0.20238066,0.060262203
3979.034424,0.20380974,-0.08748579,0.3953719
3983.703614,0.11763859,0.03698349,0.6443105
3989.471436,0.031467438,0.1997509,0.92197275
3994.84253,-0.09864569,0.45710135,1.0718932
3999.389649,-0.16566801,0.59114504,0.98572206
4004.394532,-0.20396614,0.5624213,0.95699835
4009.490967,-0.23268986,0.22731161,0.53571796
4014.862061,-0.1465187,0.02624607,0.22933245
4019.622803,-0.17383862,-0.02551508,2.19E-05
4024.536133,-0.24086046,-0.10211182,-0.17232037
4029.602051,-0.15468979,-0.2553048,-0.28721476
4035.095215,-0.11639118,-0.2170062,0.076618195
4039.184571,-0.10681677,-0.10211182,0.076618195
4043.304444,-0.12596607,-0.006366253,-0.038276196
4049.499512,-0.10681677,-0.15955925,-0.48828077
4054.046631,-0.050698757,-0.22333193,-0.5625272
4058.135987,0.035472393,-0.25205564,-0.50507975
4062.225342,0.30356026,-0.13716078,-0.4380579
4066.986084,0.47590208,-0.003117085,-0.38061047
4072.20459,0.47590208,0.22667217,-0.2752905
4077.056885,0.47590208,0.22667217,-0.2752905
4081.726075,0.19384336,0.19269466,-0.17587137
4086.669922,0.05979967,0.0969491,-0.17587137
4091.247559,-0.016796589,0.039501667,-0.11842394
4096.588135,-0.007222176,0.049076557,-0.07055092
4100.799561,-0.007222176,0.049076557,-0.07055092
4103.515625,0.078948975,0.02035284,-0.04182768
4107.788086,0.069374084,0.05865097,0.07306719
4111.877442,0.069374084,0.116098404,0.12094021
4116.668702,0.031075954,0.21184397,0.14008904
4121.337891,-0.20726156,0.30466604,0.1976614
4126.129151,-0.2359848,0.20892048,0.1976614
4130.432129,-0.19768667,0.13232422,0.18808699
4135.894776,-0.044493675,-0.04001808,-0.08000088
4139.984131,-0.044493675,-0.04001808,-0.08000088
4142.730713,0.003378868,-0.13576365,-0.13744831
4147.094727,0.041677,-0.23150921,-0.17574644
4151.275635,-0.022846699,-0.23824453,-0.13090277
4156.25,0.034600258,-0.17122269,-0.08302975
4160.827637,0.034600258,-0.17122269,-0.08302975
4163.94043,0.025025845,0.02026844,0.041439533
4167.144776,0.005877018,0.1351633,0.07016325
4171.295167,-0.061145306,0.25005817,0.041439533
4176.025391,-0.022846699,0.41282558,0.02229023
4180.175782,0.08247328,0.47027302,0.003140926
4183.044434,0.41641617,0.23643827,0.22397137
4187.316895,0.41641617,0.23643827,0.22397137
4191.833497,0.5791836,0.05452156,0.45376062
4196.655274,0.435565,-0.060373306,0.33886623
4201.538086,0.23449945,-0.022075176,0.061203957
4206.451417,0.023859024,-0.16569328,-0.2068839
4211.181641,-0.08309126,-0.30557394,-0.4653864
4216.61377,-0.2937317,-0.8321748,-1.1930532
4221.252442,-0.22670984,-0.9662185,-1.2887988
4225.341797,-0.19798613,-0.76515293,0.49206972
4230.529786,-1.356508,0.83379865,0.37717485
4235.961915,-1.356508,0.83379865,0.37717485
4240.661622,-0.6096921,-1.1385608,-2.045189
4244.934083,-0.2502718,-1.7804437,-1.5690622
4250.396729,1.3869781,-0.15276814,1.3511782
4255.950928,1.3869781,-0.15276814,1.3511782
4260.742188,1.3869781,2.2983193,2.5767221
4264.556885,0.8220787,2.27917,1.6192665
4269.897461,-0.87627053,0.601058,-0.4736266
4275.543213,-0.87627053,0.601058,-0.4736266
4280.334473,-1.4794679,-1.0744901,-0.6076703
4285.400391,-0.7709503,-1.3330035,-0.48320103
4290.405274,0.6460843,-0.8351264,-0.5502229
4295.257569,0.6460843,-0.8351264,-0.5502229
4299.77417,0.521615,-0.20320511,-0.6076703
4303.924561,0.24005032,-0.025986195,-0.48388243
4310.455323,-0.028037071,-0.016411304,-0.273242
4316.28418,-0.20995378,-0.025986195,-0.11047459
4320.434571,-0.22910309,-0.05470991,-0.07217646
4324.829102,-0.14293194,-0.12173176,0.004419804
4330.200196,-0.075659275,-0.24511433,0.009233952
4335.723877,0.07753372,-0.034473896,-0.048213482
4340.393067,0.12540674,0.0995698,-0.009915352
4345.458985,-0.008636951,0.15701723,0.14327765
4349.731446,-0.008636951,0.15701723,0.14327765
4354.46167,-0.04693556,0.089995384,0.2294488
4358.612061,0.048810005,0.089995384,0.29647064
4362.854004,-0.002243042,0.118478775,0.3185897
4367.156983,-0.011817455,0.19507551,0.3664627
4372.375489,-0.097988605,0.20464993,0.44305897
4377.7771,-0.19373417,0.022733212,0.29944086
4382.934571,-0.18415976,0.003584385,0.14624786
4387.847901,-0.20330906,0.022733212,-0.1026907
4392.547608,-0.21372366,-0.07185459,-0.48187256
4397.949219,-0.16585064,-0.20589876,-0.76910925
4402.679444,-0.04138136,-0.36866617,-0.8840041
4407.592774,0.025640488,-0.45483732,-0.998899
4412.322999,0.19798231,-0.3782406,-0.7116623
4417.84668,0.23628092,-0.23462248,-0.46272326
4422.576905,0.2261467,-0.19199991,-0.13582277
4427.490235,0.17827415,-0.029232502,0.25673437
4432.220459,0.13997555,0.18140793,0.97482634
4437.652588,0.082528114,0.37289906,1.21419
4442.352295,-0.061089993,0.52609205,1.4631286
4447.387696,-0.16641045,0.5835395,1.3578086
4452.087403,-0.16685057,0.51185703,0.8143716
4457.458497,-0.16685057,0.51185703,0.8143716
4462.249756,-0.32961798,0.17674732,0.48883677
4467.224122,-0.28174496,0.08100176,0.4313898
4471.954346,-0.21472311,0.013979435,-0.037764072
4477.32544,-0.17642498,-0.014743805,-0.3441496
4482.177735,-0.16465187,0.077748775,-0.27271843
4487.121583,-0.21252441,0.0968976,-0.27271843
4491.790772,-0.15507698,-0.094593525,-0.58867884
4497.070313,-0.15507698,-0.094593525,-0.58867884
4501.220704,0.026839256,-0.30523396,-0.8184681
4505.523682,0.18003225,-0.44885206,-0.89506483
4508.300782,0.18003225,-0.44885206,-0.89506483
4512.542725,0.44216013,-0.5677099,-0.75385237
4517.242432,0.49960756,-0.49111366,-0.6485319
4521.362305,0.5666294,-0.44324064,-0.46661568
4526.184083,0.5570545,-0.29004812,-0.29427338
4531.463624,0.24109411,-0.07940769,-0.10278225
4536.92627,0.11662483,-0.050683975,-0.035760403
4541.687012,0.025882244,0.043115616,0.093351364
4546.661377,-0.002841473,0.12928677,0.21782064
4551.361084,-0.0219903,0.24418163,0.19867134
4555.32837,-0.07943773,0.24418163,0.1507988
4559.631348,-0.07943773,0.24418163,0.1507988
4563.781739,-0.20390701,0.23460722,0.06462765
4568.145752,-0.20390701,0.23460722,0.06462765
4572.448731,-0.17151308,0.14049149,0.0856266
4577.178956,-0.13321495,0.08304405,0.104775906
4582.244874,-0.066193104,0.044745922,0.066477776
4586.547852,-0.018320084,-0.012701511,0.047328472
4591.766358,0.019978046,-0.031850338,-0.038842678
4595.39795,0.08699989,-0.08929777,-0.12501335
4599.456788,0.08699989,-0.16589451,-0.105864525
4603.515625,0.05367279,-0.20339394,0.028805256
4607.421875,-0.013349533,-0.08849907,-0.009492874
4610.900879,-0.013349533,-0.08849907,-0.009492874
4613.494874,0.024949074,0.016820908,-0.019067287
4616.973877,0.063247204,0.16043949,-0.009492874
4620.697022,0.12069464,0.22746134,0.067103386
4624.664307,0.13984346,0.29448318,0.019230843
4628.631592,0.14941835,0.28490877,0.10540199
4632.965088,0.2355895,0.27533388,0.17242384
4636.932374,0.26431274,0.26575947,0.15327454
4640.50293,0.29303646,0.14129019,0.21072197
4644.439698,0.25521088,0.065114975,0.3037567
4648.406983,0.17861414,-0.097652435,0.3037567
4652.740479,0.23606157,-0.32744217,0.16971254
4656.921387,0.21691275,-0.47106028,-0.15582228
4660.308838,0.092443466,-0.45191145,-0.58667755
4664.398194,-0.16606998,-0.346591,-1.0845547
4668.182374,-0.47245598,-0.24127102,-1.1611514
4672.698975,-0.71134233,0.24664879,1.0121298
4676.940918,-1.3241143,1.1562321,-0.041071415
4680.32837,-1.199645,0.39026737,-0.9889531
4684.020997,-0.60602236,-1.30443,-2.492159
4687.988282,-0.44325447,-2.2044387,-2.5017333
4692.810059,0.14079332,-2.5969954,-1.7932162
4696.624756,1.1269732,-1.9555001,-0.2995844
4699.85962,1.9025126,-0.38527203,1.0695772
4703.796387,2.0159078,0.9275327,1.8962965
4707.763672,1.5659037,1.9137125,2.0207663
4712.860108,0.8382368,2.095629,1.3122482
4716.827393,-0.07134628,1.6073265,0.22074842
4720.153809,-0.9234822,0.8317871,-0.5739398
4723.571778,-1.4596577,0.05624771,-0.9186244
4727.539063,-1.5266795,-0.5756731,-0.84202766
4732.971192,-1.0350413,-0.7893858,-0.4653101
4736.877442,-0.2020545,-0.7798109,-0.23552084
4740.325928,0.45859003,-0.5978942,-0.1780734
4743.377686,0.7171035,-0.36810493,-0.25466967
4747.314454,0.6979542,-0.1574645,-0.14934969
4753.082276,0.53518677,0.043601036,-0.091902256
4757.110596,0.2862482,0.26381588,0.06129074
4760.437012,-0.010563374,0.40743446,0.18576002
4763.275147,-0.24268055,0.44636965,0.36001873
4767.120362,-0.42459726,0.3889227,0.589808
4772.30835,-0.4437461,0.27402782,0.67597914
4775.238038,-0.43417168,0.13040924,0.71427727
4778.9917,-0.36714983,0.111260414,0.57065916
4782.928467,-0.20438242,0.13040924,0.436615
4786.92627,-0.10863638,0.101685524,0.25469828
4792.419434,-0.05405569,0.04194784,0.16979265
4795.135499,-0.101928234,-0.053797722,0.24638891
4798.76709,-0.07320452,-0.14954329,0.27511263
4802.734375,0.03211546,-0.07294655,0.18894196
4807.250977,0.003391743,0.03237343,0.16021824
4812.835694,-0.034906387,0.15684271,0.054897785
4815.643311,-0.07320452,0.15684271,-0.05042219
4818.969727,-0.13065195,0.11854458,-0.15574265
4822.509766,-0.077041626,-0.06070423,-0.09361839
4827.239991,-0.019594193,-0.12772608,-0.07446957
4832.91626,0.06657696,-0.21389723,-0.1127677
4836.181641,0.018703938,-0.27134418,-0.18936396
4840.423584,0.018703938,-0.27134418,-0.18936396
4843.170167,-0.04831791,-0.25219536,-0.21808767
4847.595215,-0.067466736,-0.21389723,-0.23723698
4852.722168,-0.12175226,-0.14586067,-0.2647729
4856.079102,-0.16005087,-0.06926441,-0.22647476
4860.107422,-0.16005087,-0.06926441,-0.22647476
4862.91504,-0.06430483,-0.040540695,-0.16902733
4867.248536,0.05058956,0.007332325,-0.20732546
4871.520997,0.11761141,0.093503475,-0.22647476
4874.87793,0.13676071,0.1126523,-0.16902733
4879.028321,0.13676071,0.17009974,-0.09243059
4883.148194,0.08272314,0.26234913,0.12331343
4888.000489,0.092297554,0.33894587,0.23820782
4892.700196,0.092297554,0.33894587,0.23820782
4896.42334,0.015701294,0.4059677,0.7456598
4900.573731,0.015701294,0.4059677,0.7456598
4903.320313,-0.013022423,0.42511654,0.6977868
4907.775879,-0.060894966,0.32937098,0.49672127
4911.92627,-0.060894966,0.32937098,0.49672127
4915.618897,-0.1183424,0.21447659,0.27650642
4920.440674,-0.18538332,0.054012775,0.28356123
4925.323487,-0.14708519,-0.06088209,0.62824535
4929.901124,-0.1758089,0.06358719,0.32185936
4935.028077,-0.24283075,0.006139755,-0.0802722
4939.666749,-0.24283075,0.006139755,-0.0802722
4943.817139,-0.13751078,-0.27152252,-0.44410515
4948.150635,-0.041765213,-0.31939554,-0.6738949
4952.301026,-0.06792307,-0.2838812,-0.63349915
4956.054688,0.123568535,-0.2743063,-0.748394
4960.662842,0.29591036,-0.13068819,-0.7196703
4965.60669,0.29591036,-0.11153889,-0.7196703
4970.214844,0.32463408,-0.09238958,-0.62392473
4974.54834,0.28633595,-0.08281517,-0.595201
4979.125977,0.09484482,-0.21685886,-0.5856261
4983.276368,0.07548618,-0.27034187,-0.5322199
4988.250733,0.046762466,-0.34693813,-0.42689943
4992.919922,0.046762466,-0.34693813,-0.42689943
4996.643067,0.1233592,-0.2799163,-0.0917902
5000.793458,0.2382536,-0.18417072,0.04225397
5004.852295,0.17123175,-0.021403313,0.18587208
5009.094239,0.1042099,0.093491554,0.33906507
5014.587403,-0.014033794,0.2961235,0.43167782
5019.683838,-0.07148123,0.23867655,0.40295458
5024.871827,-0.11935377,0.18122911,0.35508156
5029.022217,-0.1768012,0.11420727,0.2880597
5034.759522,-0.19595051,0.008886814,0.058269978
5039.459229,-0.13850307,-0.029411316,0.010397434
5043.60962,-0.0852046,-0.062455177,-0.040781975
5048.553467,-0.066055775,-0.024157047,-0.040781975
5054.840088,0.010540962,0.023715973,-0.050356388
5059.387208,0.029690266,0.13861036,-0.031207561
5063.537598,0.010540962,0.2152071,-0.10780382
5067.932129,0.029690266,0.26307964,-0.117378235
5074.523926,0.18202353,0.31540442,-0.14873981
5079.650879,0.3064928,0.18136072,-0.17746353
5084.777833,0.4596858,-0.096301556,-0.1200161
5088.928223,0.6416025,-0.40268755,0.04275179
5094.818116,0.49798393,-0.5941787,0.31083918
5099.639893,0.3064928,-0.58460426,0.41615963
5104.156495,0.13405895,-0.51703787,0.34621716
5109.00879,-0.009559631,-0.33512115,0.21217299
5113.708497,-0.2680726,-0.028735638,-0.6495371
5118.896485,-0.38296747,-0.009586334,-0.9942212
5123.046875,-0.31594563,0.12445736,0.8632431
5127.410889,-1.1297832,1.1776593,1.5238876
5131.927491,-1.5275311,1.2832551,-0.94258404
5137.084961,-1.1924214,-1.0529375,-1.7659965
5142.211915,-0.8956101,-1.9050736,-1.8521671
5147.003174,0.2533369,-2.1923103,-1.1532245
5151.245118,1.517179,-1.4933672,-0.19576836
5155.609131,2.1969728,-0.25824928,0.6563673
5160.247803,2.3115206,0.95677185,1.1366978
5164.642334,1.7178979,1.9238024,0.8686094
5168.73169,-0.23531246,1.6844382,-0.20374107
5172.882081,-1.0204265,0.80357885,-0.63459635
5178.283692,-1.3363869,-0.10600424,-0.8931093
5183.135987,-1.1640449,-0.8432455,-0.96970606
5188.14087,-0.09169388,-1.3123989,-0.5292759
5192.871094,0.4360609,-1.0669212,-0.4341216
5198.181153,0.65627575,-0.62649107,-0.32880116
5203.00293,0.66585016,-0.20521069,-0.14688444
5208.007813,0.18712234,0.33096457,0.25524712
5212.70752,-0.07139063,0.34053946,0.3797164
5218.139649,-0.30118036,0.2735176,0.5041857
5222.839356,-0.39416218,0.1385231,0.4620757
5227.783204,-0.4324603,-0.005095482,0.34718084
5232.543946,-0.37501287,0.023628235,0.2993083
5237.976075,-0.30799103,0.061926365,0.32803202
5242.736817,-0.22182035,0.05235195,0.4620757
5247.802735,-0.1164999,0.24384308,0.67271614
5252.716065,-0.165905,0.4219885,0.65054846
5257.965088,-0.165905,0.5560322,0.46863174
5262.664795,-0.22335243,0.5560322,0.28671503
5267.486573,-0.29994917,0.2975192,-0.10584164
5271.636963,-0.29994917,0.2975192,-0.10584164
5276.000977,-0.118032455,-0.18120909,-0.44095135
5280.670167,-0.118032455,-0.18120909,-0.44095135
5283.447266,0.1434021,-0.41367483,-0.4812007
5287.658692,0.21999884,-0.3753767,-0.56737185
5291.809083,0.21999884,-0.3753767,-0.56737185
5296.661377,0.25829697,-0.2030344,-0.58652115
5301.818848,0.22957325,-0.17431068,-0.45247698
5306.793213,0.23914766,-0.04026699,-0.12694216
5311.523438,0.23868561,-0.050210953,-0.13291359
5316.497803,0.20996189,0.13170576,0.4990077
5321.655274,0.17166376,0.24660063,0.8245425
5326.568604,0.08549261,0.5242629,1.188376
5331.420899,0.08549261,0.5242629,1.188376
5336.273194,-0.30706406,0.6870301,1.1117797
5341.461182,-0.46597052,0.6872897,1.056448
5344.818116,-0.4468212,0.5723953,0.83623314
5349.487305,-0.4468212,0.44792557,0.6255927
5355.46875,-0.4180975,0.26600933,0.37665415
5360.717774,-0.23618126,0.01707077,-0.11164808
5366.088868,-0.044689655,-0.040376663,0.18516302
5370.819092,-0.11171198,-0.011652947,-0.02547741
5375.854493,-0.14043522,0.00749588,-0.42760897
5381.164551,-0.1267581,-0.07215309,-0.53614855
5386.016846,-0.011863232,-0.34024096,-0.85210896
5390.625,-0.011863232,-0.34024096,-0.85210896
5393.829346,0.16047907,-0.49343395,-0.8138108
5398.986817,0.46686506,-0.52215767,-0.9478545
5403.137208,0.4955883,-0.42641163,-0.8138108
5407.531739,0.5626106,-0.34981537,-0.6510434
5411.682129,0.47145033,-0.23664665,-0.41953135
5415.985108,0.4140029,-0.17919922,-0.25676346
5420.440674,0.2703848,-0.1696248,-0.15144348
5425.079346,0.16506433,-0.18877363,-0.07484722
5430.236817,0.040595055,-0.17919922,0.078345776
5435.150147,-0.045576096,-0.09302807,0.087920666
5440.368653,-0.004145145,-7.67E-04,0.12818003
5445.373536,-0.11904001,0.123702526,-0.044161797
5449.951172,-0.18606186,0.10455322,-0.13990736
5454.986573,-0.19563627,0.037531376,-0.15905666
5459.533692,-0.17648745,-0.010341644,-0.24522781
5463.775635,-0.11904001,-0.02949047,-0.24522781
5468.139649,-0.07116699,-0.010341644,-0.18778038
5472.29004,-0.054370403,-0.04033327,-0.15833616
5477.020264,0.07967377,-0.08820629,-0.18705988
5482.269288,0.12754631,-0.0786314,-0.20620918
5487.060547,0.14669561,-0.06905699,-0.15833616
5492.340088,0.14669561,-0.04990816,-0.0625906
5497.222901,0.15627003,0.064986706,-0.033866882
5501.77002,0.14106941,0.070522785,-0.01995802
5506.042481,0.25596428,0.0992465,0.08536196
5510.070801,0.25596428,0.0992465,0.08536196
5512.969971,0.36128426,0.04179907,0.35344982
5517.913819,0.4187317,-0.08267021,0.4779191
5523.101807,0.45702982,-0.16884136,0.7747307
5528.076172,0.2942624,-0.11139393,0.7843051
5532.867432,0.09433079,0.105493546,0.59959126
5537.719727,-0.39397144,0.20123911,-0.2716937
5542.84668,-0.53759,0.019322395,-0.7504215
5547.882081,-0.58546257,-0.23919058,-1.1717024
5552.612305,-0.56631374,-0.32536173,-0.041903973
5557.556153,-1.562068,1.1299715,-0.2525444
5562.805176,-1.114528,-0.32512236,-1.976872
5567.718506,-0.80814195,-1.5602407,-2.1875124
5572.418213,-0.43473434,-2.3262057,-1.7949557
5577.514649,1.518476,-0.7081051,0.5029392
5582.67212,1.9397569,0.9099958,1.489119
5587.615967,1.3269849,2.0972412,2.0444436
5592.346192,1.3350573,2.0696194,2.0211186
5597.259522,-0.14899969,0.93024683,0.10620594
5602.416993,-0.89581513,0.19300556,-0.62146044
5607.330323,-1.1926267,-0.74530125,-0.7267804
5612.213135,-1.1926267,-0.74530125,-0.7267804
5617.1875,0.08079004,-0.6304064,-0.4012456
5622.375489,0.52593184,-0.30465984,-0.41785765
5627.319336,0.6216774,-0.065295696,-0.3604102
5632.019043,0.3344407,-0.026997566,-0.21679163
5636.779786,0.3344407,-0.026997566,-0.21679163
5639.984131,-0.07726526,0.04002428,0.09916878
5644.439698,-0.2687564,0.07832289,0.17576504
5648.590088,-0.39322567,0.001726151,0.22363806
5652.740479,-0.33557892,-0.11286163,0.23331785
5657.073975,-0.28770638,-0.10328722,0.19501972
5661.529542,-0.18238592,0.030756474,0.166296
5665.649415,-0.12493849,0.14565134,0.09927416
5669.6167,-0.08664036,0.19352436,0.118422985
5673.706055,-0.06749153,0.20309877,0.13757229
5677.67334,-0.048342228,0.15522575,0.09927416
5681.915284,0.021111012,0.11346531,-0.028782368
5685.760499,0.068983555,0.06559229,-0.12452793
5689.39209,0.08813286,0.10389042,-0.19154978
5693.664551,0.04983473,0.13261414,-0.18197536
5697.570801,0.040260315,0.10389042,-0.009633064
5701.446534,-0.017187119,0.08474159,0.03823948
5704.925538,-0.026762009,-0.001429558,-0.009633064
5709.075928,0.001961708,-0.07802582,-5.87E-05
5713.317872,0.008296967,-0.13566732,-0.036568165
5717.773438,0.037020683,-0.11651802,-0.036568165
5722.198487,-0.010852337,-0.097369194,-0.084441185
5726.623536,-0.0874486,-0.06864548,-0.18976116
5730.865479,-0.11617231,-0.12609291,-0.18976116
5735.229493,-0.11617231,-0.12609291,-0.18976116
5738.372803,-0.07787418,-0.31758404,-0.14188862
5742.523194,-0.040998936,-0.23637629,-0.118863106
5747.406006,-0.040998936,-0.23637629,-0.118863106
5752.075196,-0.040998936,-0.064033985,-0.13801241
5758.148194,-0.05057335,0.060435295,0.08220291
5762.756348,0.054746628,0.08915901,0.12050104
5767.27295,0.0355978,0.0795846,0.22582102
5771.42334,0.06463528,0.08533239,0.2422595
5775.695801,0.06463528,0.08533239,0.2422595
5778.839112,0.12208223,0.06618309,0.23268509
5782.989502,0.07420969,0.11405611,0.2231102
5787.902833,0.007187843,0.08533239,0.21353579
5792.60254,-0.002387047,0.02788496,0.18481207
5797.729493,-0.021535873,-8.39E-04,0.17523766
5801.330567,-0.08674288,0.003809452,0.052377224
5806.243897,-0.08674288,-0.034489155,-0.11039019
5810.852051,-0.067593575,-0.072787285,-0.26358318
5815.948487,-0.067593575,-0.072787285,-0.26358318
5819.580079,-0.09631729,0.003809452,0.19599581
5824.584961,-0.077168465,0.14742756,0.27259207
5829.437256,-0.20163774,0.10912943,0.1768465
5834.381104,-0.21350002,0.13543415,0.20215702
5838.958741,-0.26137257,-0.21882486,-0.037207127
5844.51294,-0.15605259,-0.35286856,-0.21912384
5849.212647,0.15990782,-0.45818853,-0.43933868
5853.942872,0.38012266,-0.4198904,-0.42018938
5858.978272,0.52374125,-0.008184433,-0.3148694
5864.593506,0.42027187,0.21223688,-0.21061707
5869.171143,0.25750446,0.32713127,-0.10529661
5874.114991,0.15218401,0.30798244,-0.028700352
5879.394532,-0.106328964,0.16436386,-0.07657337
5884.796143,-0.1829257,-0.027127266,-0.10529661
5889.526368,-0.14690685,0.015451908,-0.0815177
5894.622803,-0.05116129,0.015451908,-0.1198163
5899.20044,-0.0415864,0.092048645,-0.1198163
5904.571534,-0.022437572,0.13992119,-0.12939072
5909.454346,-0.032011986,0.13992119,-0.14854002
5914.337159,0.025435448,0.120771885,-0.11024141
5919.250489,0.015861034,0.11119747,0.033376694
5924.713135,0.23885345,0.07403326,0.17933893
5929.412842,0.33459902,0.054884434,0.05486965
5934.173584,0.286726,0.007011414,-0.002577782
5939.117432,0.19098043,-0.07915974,-0.04087639
5944.580079,-0.07710695,-0.002563,0.08359289
5949.279786,-0.048383713,0.026160717,0.20806217
5954.315186,-0.009682179,0.18018293,0.37766123
5958.953858,0.038190365,0.25677967,0.4542575
5964.630127,0.22968149,0.2759285,0.44468307
5968.780518,0.4307475,0.07486296,0.43510866
5972.961426,0.29670382,0.026989937,0.37766123
5977.386475,0.29670382,0.026989937,0.37766123
5980.560303,-0.004995346,0.051388264,-0.13661194
5984.924317,-0.17733765,-0.015633583,-0.46214676
5988.952637,-0.30180693,-0.15925217,-0.95044947
5993.225098,-0.34967947,-0.28372145,-0.8834276
5998.229981,-0.7422366,0.19500685,1.9314933
6003.448487,-1.3358593,0.33862543,-1.7738619
6008.880616,-0.8667059,-1.2220283,-1.9270544
6013.61084,-0.66875553,-2.036984,-1.0983143
6019.378663,0.1833806,-1.9508128,-0.6483102
6025.08545,1.7344594,0.44282722,0.6346812
6029.266358,1.4663715,1.256665,1.3240495
6033.416749,1.06424,1.3141124,1.6878829
6039.154053,0.70040655,0.95985365,1.266602
6044.128418,-0.2980175,0.084106445,-0.32041693
6049.072266,-0.7767453,-0.2701521,-0.7608471
6053.802491,-1.0352585,-0.54781437,-0.7225485
6059.661866,-0.42248678,-0.52866554,-0.3012681
6064.514161,0.08496475,-0.37547255,-0.2916932
6068.725586,0.38177633,-0.23185396,-0.35871553
6072.906495,0.41376638,-0.23405743,-0.42881298
6079.650879,0.22227526,-0.25320673,-0.4862604
6084.747315,0.07865667,-0.24363184,-0.476686
6089.47754,-0.045812607,-0.26278114,-0.35221672
6094.848633,-0.13198376,-0.25320673,-0.23732185
6099.578858,0.012964249,-0.2544546,-0.003712177
6104.980469,0.089560986,-0.12041092,0.03458643
6109.649659,0.12785912,0.032782078,0.08245897
6114.624024,0.0991354,0.18597507,0.130332
6120.056153,-0.073206425,0.21469879,0.1399064
6125.854493,-0.14022875,0.18597507,0.10160828
6130.615235,-0.14022875,0.18597507,0.10160828
6133.758545,-0.0980072,0.1830492,0.045469284
6138.519288,-0.14588022,0.2021985,0.11249113
6143.768311,-0.069283485,0.17347479,0.13164043
6148.742676,-0.04055977,0.16390038,0.13164043
6153.472901,-0.069283485,0.010707378,0.093342304
6158.538819,-0.030985355,0.029856205,-0.031126976
6163.726807,-0.03339815,6.56E-04,-0.058454514
6168.518067,-0.052547455,-0.028068066,-0.09675264
6173.339844,-0.1195693,-0.13338804,-0.24994564
6178.039551,-0.15786743,-0.14296293,-0.45101166
6182.58667,-0.14829302,-0.17168617,-0.45101166
6187.011719,-0.090845585,-0.13338804,-0.3839898
6191.467286,-0.07092762,-0.12938833,-0.42977715
6195.922852,0.043967247,-0.100664616,-0.33403158
6200.317383,0.08226538,-0.11023903,-0.19041348
6205.871583,0.09183979,-0.11023903,0.020226955
6210.632325,0.09183979,-0.11023903,0.020226955
6213.775635,0.20673466,0.15784836,0.5947008
6218.688965,0.14928722,0.2344451,0.63299894
6223.968506,0.042278767,0.26764536,0.66897106
6228.790284,0.00398016,0.21019793,0.7838659
6233.520508,-0.13963795,0.1910491,0.64982224
6238.28125,-0.18751097,0.16232538,0.47747993
6242.82837,-0.15878725,0.124026775,0.3051381
6247.161866,-0.13006353,0.1718998,0.33386135
6251.312256,-0.15878725,0.1718998,0.19981766
6255.126954,-0.2440381,0.14725113,0.048932076
6259.765625,-0.27276182,0.041930676,-0.15213394
6265.289307,-0.09084511,-0.30275345,-0.15213394
6269.470215,0.091071606,-0.350626,-0.13298464
6273.712159,0.29213715,-0.27402973,-0.18085766
6278.076172,0.28256273,-0.11126232,-0.29575253
6282.623292,0.29021978,0.047492027,-0.46271086
6286.895752,0.22319794,0.14323759,-0.43398714
6291.107178,0.15617609,0.18153572,-0.45313597
6294.921875,0.09872866,0.124088764,-0.5105834
6299.743653,0.09872866,0.037917614,-0.46271086
6305.114747,0.08915377,-3.81E-04,-0.38611412
6310.272217,0.077011585,-0.0455575,-0.19997644
6315.15503,0.029139042,-0.016833782,-0.123380184
6319.793702,4.15E-04,-0.026408195,0.039387703
6325.317383,4.15E-04,-0.026408195,0.039387703
6330.01709,-0.066607,0.050188065,0.010663986
6335.021973,-0.03788328,0.06933737,-0.008485317
6339.84375,0.010140896,0.04764414,-0.051709652
6345.245362,0.10588646,0.04764414,-0.04213524
6349.853516,0.13461018,0.028495312,-0.09000826
6354.797364,0.14418507,0.04764414,-0.013411522
6360.290528,0.14418507,0.06679344,-0.051709652
6365.814209,0.07716274,0.19126272,-0.013411522
6370.574952,0.048190117,0.20174599,-0.009655476
6375.946045,-0.00925684,0.20174599,0.028642654
6380.5542,0.019466877,0.21132088,0.076515675
6384.58252,0.06733942,0.28791714,0.27758121
6388.824463,0.057765007,0.35493898,0.32545424
6393.005372,0.038615704,0.41238642,0.4403491
6397.369385,3.18E-04,0.42196083,0.36375237
6401.916504,0.04282379,0.36460304,0.44952345
6407.562256,0.12899494,0.21141052,0.46867275
6412.200928,0.014100075,-0.114124775,0.28675604
6417.022706,-0.072071075,-0.2768922,0.056966305
6422.332764,-0.18696594,-0.20029593,-0.44091082
6427.307129,-0.2827115,-0.14284849,-1.082406
6431.45752,-0.28200722,-0.19414473,-1.6766229
6435.791016,-0.2628584,-0.35691214,-1.8776884
6438.598633,-0.4447751,-0.012228012,0.53510094
6443.145752,-1.3735073,0.054793835,-2.6340785
6448.059083,-0.7607355,-2.0133114,-2.3468418
6452.789307,-0.2915821,-2.91332,-0.3266096
6457.763672,0.77119446,-2.147355,0.9755306
6462.493897,2.6651602,0.94992185,1.4635253
6467.407227,2.6651602,0.94992185,1.4635253
6472.137452,0.7789717,1.4286497,1.4826741
6477.050782,-0.23593187,0.8924744,0.89862585
6481.781006,-1.040195,-0.11285448,-0.18329906
6487.335206,-1.040195,-0.11285448,-0.18329906
6492.095948,-0.6492224,-0.38665485,-0.14364433
6496.948243,-0.3811345,-0.23346186,-0.06704807
6501.77002,0.06886959,0.22611713,-0.3925829
6507.171631,0.12631702,0.26441526,-0.6032233
6511.901856,0.13589191,0.1686697,-0.80428886
6516.937256,0.040145874,0.08249855,-0.91918373
6522.064209,-0.003826618,0.039452076,-0.97960234
6527.374268,-0.09957266,-0.10416651,-0.7689619
6532.073975,-0.003826618,-0.25735903,-0.5391722
6536.987305,0.10149336,-0.34353018,-0.31895733
6541.748047,0.26426077,-0.17118835,0.102323055
6547.119141,0.21638823,0.010728359,0.27466536
6551.940918,0.14991426,-0.003677845,0.39097023
6556.823731,0.054168224,0.120791435,0.5345888
6561.523438,-0.1181736,0.31228304,0.7643781
6566.894532,-0.15647173,0.31228304,0.8122511
6571.746827,-0.14689732,0.36973,0.88884735
6576.690674,-0.17562103,0.42717743,0.8314004
6581.420899,-0.20629597,0.5444689,0.6138849
6585.327149,-0.32119083,0.48702145,0.31707382
6589.935303,-0.32119083,0.48702145,0.31707382
6594.879151,-0.24459457,0.14233732,0.048985958
6601.470948,-0.15842342,-0.039578915,-0.06590891
6607.1167,0.033067703,-0.3363905,-0.24782562
6611.907959,0.06769276,-0.3811965,-0.23027706
6616.882325,0.058118343,-0.41949463,-0.2781496
6621.582032,0.08684206,-0.43864393,-0.40261889
6625.396729,0.11556578,-0.40992022,-0.47921562
6630.096436,0.038969517,-0.2471528,-0.23027706
6635.162354,-0.018477917,-0.122683525,-0.10580778
6641.26587,0.030499935,0.009033203,0.20782328
6646.820069,0.13582039,0.22924852,0.5525079
6651.550293,0.116671085,0.3345685,0.6195297
6656.494141,-0.055671215,0.43988848,0.62910414
6660.644532,-0.055671215,0.43988848,0.62910414
6663.81836,-0.12269306,0.4686122,0.67697716
6668.304444,-0.19928932,0.3249941,0.236547
6672.454834,-0.16460133,0.10688496,0.07505894
6677.154542,-0.10715389,-0.16120291,-0.020686626
6681.793213,-0.04970646,-0.26652288,-0.1260066
6687.164307,0.084337234,-0.3048215,-0.18345404
6691.314698,0.22795582,-0.3048215,-0.2983489
6695.739747,0.31412697,-0.09418106,-0.38452005
6698.577881,0.28540325,0.03028822,-0.47069073
6702.728272,0.16220236,0.19382715,-0.5691242
6708.190918,-0.010139465,0.14595461,-0.6648698
6712.860108,-0.048438072,-0.007238388,-0.7606158
6717.62085,-0.0675869,-0.06468582,-0.80848837
6722.778321,-0.029288769,-0.16043139,-0.7414665
6727.569581,0.04730749,-0.19872952,-0.45422983
6731.811524,0.11575699,-0.19169712,-0.33162832
6736.14502,0.13490582,-0.19169712,-0.24545717
6740.264893,0.13490582,-0.19169712,-0.24545717
6743.469239,0.096607685,-0.13424969,0.032204628
6748.535157,0.096607685,-0.06722784,0.21412134
6753.265381,0.16362953,0.038092613,0.33859062
6758.239747,0.19235325,0.18171072,0.4343362
6762.969971,0.07904291,0.4409771,0.45597172
6768.585206,0.050319195,0.4218278,0.38894987
6773.284913,-0.035851955,0.37395477,0.34107733
6778.22876,-0.06457567,0.23991108,0.2932043
6783.203125,-0.1028738,0.07714367,0.24533176
6789.001465,-0.09329891,0.096292496,0.20703316
6793.792725,-0.112448215,0.2494855,0.14958572
6798.858643,-0.15074635,0.39310408,0.111287594
6803.649903,-0.14947748,0.58125496,0.037041664
6808.929444,-0.120753765,0.43763638,-0.06827831
6813.720704,0.080311775,0.1791234,-0.049129486
6818.756104,0.2909522,-0.108113766,-0.029980183
6823.822022,0.30052662,-0.35705233,0.046616554
6829.223633,0.24307919,-0.38577604,-0.049129486
6834.075928,0.11587286,-0.41361237,-0.0753274
6838.928223,-0.046895027,-0.49978352,-0.28596783
6843.62793,-0.305408,-0.40403795,0.29808044
6848.693848,-0.81285954,0.39065075,1.9066062
6852.935792,-1.4352062,0.773633,-0.21894598
6857.269288,-0.21923685,-0.7678714,-1.7508755
6862.335206,-0.7352443,-1.1951265,-1.6204433
6865.722657,-0.86928797,-1.2334247,-0.6534128
6870.025635,1.5530758,-0.48660898,1.1370296
6874.542237,1.5530758,-0.48660898,1.1370296
6878.78418,2.0701022,0.38467598,1.1753283
6882.8125,1.5435014,1.3325577,1.1466045
6886.322022,-0.53417826,1.4857504,0.24659586
6890.350342,-0.53417826,1.4857504,0.24659586
6893.005372,-1.1237869,0.6158099,-0.19096947
6897.094727,-1.2578309,-0.3320713,-0.60267544
6900.665284,-0.9322958,-0.9544177,-0.9760833
6904.327393,-0.3386731,-1.1842074,-1.158
6908.233643,0.23580074,-1.0405889,-1.3207679
6911.895752,0.58048487,-0.71505356,-1.3782148
6915.771485,0.666656,-0.40866804,-1.2345967
6919.921875,0.58048487,-0.20760202,-0.9760833
6923.980713,0.4575591,-0.14569616,-0.6073494
6927.917481,0.31394053,-0.16484547,-0.21479273
6932.128907,0.10330057,-0.10739803,0.024571419
6936.24878,-0.030743599,-0.15527058,0.15861511
6940.368653,-0.059467316,-0.17441988,0.26393557
6943.786622,-0.07861614,-0.21271801,0.35010624
6948.181153,-0.059467316,-0.2031436,0.36925554
6952.270508,-0.05095768,-0.15233421,0.37325954
6956.573487,0.03521347,-0.037439346,0.54560137
6960.540772,-0.003085136,0.15405178,0.5838995
6963.775635,-0.11797953,0.3838415,0.67964506
6968.719483,-0.2328744,0.5178852,0.5934744
6973.358155,-0.28074694,0.53703403,0.49772882
6978.363038,-0.2424488,0.40299034,0.51687765
6983.032227,-0.16196728,0.2671666,0.44532204
6988.128663,-0.09494543,0.20014477,0.33042717
6992.767334,-0.07579613,0.12354851,0.062339306
6997.528077,-0.07579613,0.07567549,-0.18659925
7001.64795,-0.07579613,0.07567549,-0.18659925
7004.943848,-0.04707241,-0.106241226,-0.47383595
7009.063721,-0.037497997,-0.2115612,-0.5695815
7013.244629,-0.0325408,-0.28534937,-0.6925125
7017.944336,-0.0516901,-0.28534937,-0.6925125
7022.552491,-0.0516901,-0.28534937,-0.6925125
7026.428223,0.08235407,-0.16088009,-0.6350651
7030.517579,0.20682335,-0.12258196,-0.5201702
7034.393311,0.21639776,0.001887322,-0.24250793
7038.513184,0.20682335,0.1263566,0.07345247
7044.036866,0.18415117,0.2704444,0.3977995
7049.194336,0.12670374,0.5768304,1.0871677
7053.283692,0.059681892,0.70129967,1.2307863
7058.22754,-0.026489258,0.7300234,1.2307863
7064.331055,-0.23712921,0.53853226,1.1158915
7069.458008,-0.28500223,0.38533926,0.96269894
7074.310303,-0.27542782,0.24172068,0.83822966
7079.101563,-0.2275548,0.117251396,0.7137604
7084.350586,-0.15407276,3.61E-04,0.34807205
7089.324952,-0.15407276,-0.028362274,0.12785721
7094.024659,-0.16364765,3.61E-04,-0.13065624
7098.54126,-0.18279648,0.02908516,-0.27427435
7104.400635,-0.14449835,-0.13368273,-0.6189585
7108.978272,-0.10620022,-0.22942829,-0.6955552
7113.098145,-0.059827805,-0.30584526,-0.7734194
7117.279053,0.055067062,-0.39201593,-0.7925687
7124.572754,0.36145306,-0.5069108,-0.9361868
7130.126954,0.43804932,-0.48776197,-0.88831425
7135.040284,0.35187864,-0.30584526,-0.55320454
7139.709473,0.35180998,-0.29322767,-0.5444236
7144.744874,0.28478765,-0.101736546,-0.20931387
7149.749756,0.2273407,0.022733212,-0.008248329
7154.602051,0.035849094,0.08018017,0.3364358
7159.393311,0.007125378,0.09932947,0.38430882
7164.031983,-0.002449036,0.118478775,0.45133066
7169.372559,-0.040747166,0.16635132,0.41303253
7174.072266,-0.083949566,0.22727823,0.42845535
7178.924561,-0.16054583,0.23685265,0.21781492
7183.563233,-0.17969513,0.16025639,0.03589821
7188.720704,-0.16054583,0.13153267,-0.13644361
7192.871094,-0.14139652,0.026212215,-0.21304035
7197.265625,-0.122247696,-0.06953335,-0.38538218
7201.416016,-0.10835028,-0.1502676,-0.477458
7205.9021,-0.050902843,-0.18856573,-0.477458
7210.327149,0.025693417,-0.1694169,-0.477458
7213.104249,0.07356644,-0.1694169,-0.36256313
7217.987061,0.13101387,-0.054522038,-0.324265
7222.808838,0.13101387,0.002925396,-0.19979572
7228.240967,0.08314085,0.041223526,-0.06575203
7232.971192,0.05407667,-0.039220333,0.10350084
7237.91504,0.12109852,-9.22E-04,0.53435564
7242.706299,0.111524105,0.113972664,0.75457096
7248.107911,0.04450226,0.26716518,0.7641454
7252.838135,0.03492737,0.42035818,0.75457096
7257.965088,0.16897154,0.25759077,0.9747858
7262.725831,0.06530571,0.2523284,0.98389816
7268.005372,-0.06873846,0.30977583,0.67751217
7272.796631,-0.2793784,0.2714777,0.19878435
7277.496338,-0.49001884,0.13743353,-0.29909277
7281.646729,-0.68151,-0.025333881,-0.93101406
7286.04126,-0.49001884,-0.31257057,0.036016464
7290.679932,-0.49001884,-0.31257057,0.036016464
7293.457032,-0.95357656,-0.110856056,-0.11063433
7298.248292,-0.02484417,-1.3268251,-1.9585247
7302.947999,0.3772874,-1.6140618,-1.7000113
7308.105469,0.50175667,-1.5949125,-0.93404675
7312.25586,0.8751645,-1.0970354,-0.024463177
7316.619874,1.3443179,-0.35021973,0.44469023
7320.892334,1.5836821,0.48276663,0.5691595
7324.798584,1.2930751,1.0563631,0.6276169
7328.308106,0.689878,1.429771,0.6754899
7333.007813,-0.48779297,0.8457227,0.17761278
7337.799073,-0.76545525,0.36699486,-0.22451878
7341.949463,-0.76545525,0.36699486,-0.22451878
7346.252442,-0.5452404,-0.35109758,-0.3872862
7350.830079,-0.17183256,-0.46599197,-0.34898806
7355.041504,0.19818878,-0.47154665,-0.25739288
7359.039307,0.35138178,-0.43324852,-0.25739288
7364.837647,0.23648691,-0.031116962,-0.31484032
7370.483399,0.10244322,0.16037416,-0.22866964
7375.366211,-0.079473495,0.29441786,-0.1329236
7380.096436,-0.15867901,0.2868147,-0.11131334
7385.009766,-0.23527527,0.057025433,-0.044291496
7390.228272,-0.20655155,-0.019571304,-0.05386591
7395.17212,-0.062933445,-0.029145718,-0.07301521
7399.871827,0.051961422,0.114472866,-0.01556778
7404.937745,0.013663292,0.20064354,0.013155937
7410.15625,0.040001392,0.25936317,0.02771902
7415.191651,0.001703262,0.2976613,0.056442738
7419.891358,0.001703262,0.2880869,0.046867847
7424.835206,0.08787441,0.14446831,0.19048643
7430.023194,0.07829952,0.087020874,0.27665758
7435.028077,0.07829952,0.10617018,0.37240314
7439.849854,0.03131342,0.14708614,0.3348794
7444.824219,-0.006984711,0.17580986,0.21998453
7449.85962,-0.0165596,0.15666103,0.19126081
7455.047608,-0.08358145,0.1183629,0.12423897
7459.228516,-0.102730274,0.01304245,0.05721712
7463.378907,-0.12187958,-0.11142683,-0.15342331
7468.231202,-0.16975212,-0.15929937,-0.2683177
7472.381592,-0.16666317,-0.14269876,-0.25939322
7476.684571,-0.16666317,-0.14269876,-0.25939322
7480.773926,-0.16666317,-0.14269876,-0.25939322
7483.520508,-0.09006691,-0.3533392,-0.4030118
7489.074708,0.03440237,-0.3533392,-0.28811693
7493.804932,0.18759537,-0.31504107,-0.18279696
7498.718262,0.27376652,-0.22886992,-0.06790209
7503.54004,0.19223547,0.003961563,0.2533288
7508.880616,0.13478804,0.12843084,0.45439434
7513.519288,0.06776619,0.2241764,0.47354364
7518.157959,-0.037553787,0.31034756,0.5788636
7522.18628,-0.08542681,0.3582201,0.58843803
7526.428223,-0.16202307,0.33907127,0.49269247
7530.914307,-0.08899498,0.14398623,0.29803467
7535.308838,-0.08899498,0.14398623,0.29803467
7537.994385,-0.07942057,0.08653879,0.40335464
7542.144776,-0.05069685,0.08653879,0.40335464
7546.966553,-0.060271263,0.16313553,0.47995138
7552.246094,-0.21346426,0.1248374,0.3363328
7557.128907,-0.2804861,-0.057079315,0.049096107
7561.859131,-0.31478548,-0.25749636,-0.21752644
7566.802979,-0.17116737,-0.43941307,-0.4568901
7571.929932,0.29798603,-0.3628168,-0.6100831
7576.782227,0.4320302,-0.14260197,-0.6483817
7580.963135,0.36500788,0.08718777,-0.619658
7586.151124,0.16394234,0.22123146,-0.36114454
7590.820313,0.13911343,0.17669964,-0.21762371
7595.184327,0.13911343,0.17669964,-0.21762371
7597.808838,0.100815296,0.10967779,-0.035706997
7602.111817,0.014644146,0.06180477,0.10791111
7606.842042,-0.033228397,0.042655945,0.13663483
7611.999512,-0.042803288,0.119252205,0.11748552
7617.034913,-0.023653984,0.09052849,0.16535854
7621.765137,-0.04439497,0.16426373,0.15526628
7626.708985,-0.0826931,0.16426373,0.18399
7630.249024,-0.03482008,0.15468884,0.18399
7633.57544,-0.053969383,0.04936886,0.1648407
7638.183594,-0.015671253,0.020645142,0.09781885
7642.333985,-0.015671253,0.020645142,0.09781885
7646.697999,0.00347805,-0.06552601,0.049946308
7649.993897,-0.015671253,-0.017652988,-0.045799255
7654.357911,-0.030701637,-0.003973484,-0.01700306
7658.325196,-0.097723484,0.07262325,0.13618946
7662.445069,-0.13602161,0.19709253,0.1936369
7667.449952,-0.059425354,0.35028553,0.26065874
7672.63794,0.026745796,0.38858366,0.3851285
7677.581788,0.14164066,0.33113623,0.5287466
7682.34253,0.2633443,0.35469007,0.53296995
7687.225342,0.39738798,0.2302208,0.41807508
7692.352295,0.4261117,0.0770278,0.48509693
7697.479249,-0.15793657,-0.26765633,0.33190393
7702.209473,-0.52177,-0.47829676,-0.19469643
7707.214356,-0.6558137,-0.81340647,-1.0372581
7712.493897,-0.2922616,-0.8264227,-0.18789673
7717.376709,-0.2922616,-0.8264227,-0.18789673
7722.137452,-1.0678012,0.581038,-1.5187607
7727.142334,-0.6177969,-0.9700408,-2.619835
7732.452393,0.14816809,-2.128563,-0.84854126
7737.365723,0.14816809,-2.128563,-0.84854126
7742.095948,2.2792668,-0.30600357,0.3086257
7747.192383,1.9441571,1.0727334,0.7682047
7752.319336,0.17286348,1.7429526,1.1703362
7757.110596,0.17286348,1.7429526,1.1703362
7761.260987,-0.48778105,0.21102285,0.18415642
7765.808106,-0.48778105,0.21102285,0.18415642
7768.951417,-0.38246107,-0.43047285,-0.6009574
7773.101807,-0.23372221,-0.3520317,-0.4186449
7777.374268,-0.23372221,-0.3520317,-0.4186449
7781.585694,0.16840935,-0.21798801,-0.16013193
7786.285401,0.16840935,-0.21798801,-0.16013193
7789.916993,0.14926052,-0.122241974,-0.2846012
7794.921875,-0.032656193,-0.045645714,-0.31332493
7799.713135,-0.18998337,0.14462137,-0.1909318
7804.6875,-0.14211035,0.26909065,-0.16220808
7809.753418,-0.12296152,0.28823948,-0.14305878
7814.910889,-0.03679037,0.1637702,-0.07603693
7819.610596,0.020657063,0.04887581,0.19205093
7824.584961,-0.027215958,0.15419579,0.36439276
7829.864502,0.00366497,0.2649355,0.3083582
7834.80835,-0.015483856,0.35110664,0.55729675
7839.385987,-0.13037872,0.38940477,0.6147442
7844.543458,-0.16867685,0.40855408,0.5094242
7850.158692,-0.22612429,0.37983036,0.38495493
7855.072022,-0.13995314,0.33195782,0.08814335
7859.802247,-0.12882757,0.32429743,0.075452805
7864.837647,0.014790535,0.15195513,0.037154675
7869.903565,0.07223797,0.017911434,-0.06816578
7874.816895,0.08181286,-0.09698343,-0.36497688
7879.638672,0.07223797,-0.1735797,-0.5277443
7884.521485,0.07223797,-0.1735797,-0.5277443
7889.221192,0.014790535,-0.2118783,-0.6713629
7895.17212,0.025018215,-0.1652832,-0.58045435
7899.749756,0.1686368,-0.1461339,-0.44641066
7904.846192,0.1686368,-0.1461339,-0.44641066
7909.362793,0.053741932,-0.11741018,0.06104088
7913.665772,-0.03242922,-0.09826136,0.30040503
7918.029786,-0.04200363,-0.12698507,0.47274733
7922.180176,-0.0477252,-0.044044495,0.6113577
7926.605225,-0.038150787,0.042126656,0.6496563
7929.718018,-0.01900196,0.12829733,0.67838
7933.868409,-0.05730009,0.17617035,0.6113577
7938.842774,-0.038150787,0.22404337,0.55391073
7943.664551,-0.114747524,0.15702105,0.43901587
7948.638917,-0.05730009,0.042126656,0.24752474
7953.826905,-0.08669424,-0.028745174,0.07316971
7958.618165,-0.11541796,-0.05746889,-0.08002281
7963.439942,-0.15371656,0.019127369,-0.0895977
7968.414307,-0.16329098,-0.009595871,-0.16619396
7973.602295,-0.21116352,-0.114916325,-0.31938696
7978.698731,-0.010097981,-0.28725815,-0.3959837
7983.428956,0.13499403,-0.2597046,-0.4292822
7988.311768,0.2690382,-0.18310833,-0.34311152
7993.591309,0.30733633,-0.039489746,-0.13247108
7998.260499,0.24031448,0.037106514,-0.027151108
8002.410889,0.14456892,0.11370325,0.039871216
8006.774903,0.14456892,0.11370325,0.039871216
8010.009766,0.01052475,0.1615758,0.08774376
8014.556885,-0.05266142,0.1945095,0.069366455
8019.16504,-0.04308653,0.1753602,-0.007229805
8024.017334,-0.071810246,0.13706207,-0.007229805
8029.418946,-0.08138466,0.108338356,-0.055102825
8034.057618,0.004786015,0.08918905,-0.11255026
8038.452149,0.014360905,0.022167206,-0.12212467
8043.060303,-0.011282444,0.046314716,-0.16144371
8049.316407,-0.011282444,0.02716589,-0.18059301
8055.023194,-0.011282444,0.08461332,-0.18059301
8059.661866,-0.011282444,0.09418774,-0.10399628
8063.812256,0.017441273,0.16120958,-0.07527256
8069.030762,0.074888706,0.15163517,0.030047417
8074.035645,0.022771835,0.07705212,0.041316032
8078.216553,-0.025100708,0.010029793,0.012592316
8082.397461,-0.005951881,-0.03784275,0.03174162
8087.249756,-0.005951881,-0.03784275,0.03174162
8090.972901,0.12809229,-0.06656647,0.2902546
8095.916749,0.1185174,-0.056992054,0.453022
8100.677491,0.08021927,-0.028268337,0.4434476
8103.820801,0.13757133,0.07466364,0.3452692
8109.527588,0.13757133,0.27572918,0.29739666
8114.990235,-0.13051653,0.35232592,0.16335297
8119.720459,-0.3698802,0.24700546,-0.1238842
8124.75586,-0.47520065,-0.040231228,-0.13345861
8129.486084,-1.509253,1.0225449,1.8006024
8134.887696,-1.0305243,0.4431467,2.7911892
8139.49585,-0.20711184,-0.20792341,-1.0290604
8144.500733,-0.15923929,-0.08345413,-1.46949
8149.963379,0.15672112,-0.60048056,-0.3109684
8155.456543,1.4492869,-0.28452015,0.033715725
8160.614014,1.4116378,-0.29917765,0.050952435
8165.557862,1.1339755,0.4284892,0.012654305
8170.227051,0.54992723,0.45721292,-0.42777538
8175.720215,-0.445827,-0.12683535,-1.1650167
8179.870606,-0.551147,-0.41407204,-1.2320385
8184.020997,-0.38837957,-0.5193925,-1.0788455
8188.354493,-0.024546146,-0.56726503,-0.83948183
8193.023682,0.3576026,-0.5372071,-0.57663393
8197.296143,0.5012212,-0.47018528,-0.48088837
8201.385499,0.41505003,-0.3361416,-0.45216465
8206.268311,0.13738775,-0.087203026,-0.44259024
8210.998536,-0.16899824,-0.039330006,-0.17450237
8216.400147,-0.16899824,-0.039330006,-0.17450237
8221.130372,-0.10174656,-0.18405771,-0.092280865
8226.135254,-0.053874016,-0.26065397,-0.10185528
8230.773926,-0.015575886,-0.27980328,-0.14015388
8234.710694,-0.044299603,-0.27980328,0.032188416
8237.487793,-0.044299603,-0.21278143,0.12793398
8242.492676,-0.07302284,-0.155334,0.09921026
8246.917725,-0.053874016,-0.002140999,0.14708328
8251.556397,-0.06107855,0.01593113,0.067304134
8256.744385,-0.080227375,0.01593113,-0.07631445
8261.383057,-0.11852598,0.01593113,-0.13376188
8264.953614,-0.06107855,0.006356716,-0.11461258
8269.805909,0.025092602,0.01593113,-0.095463276
8274.932862,0.11126375,0.044654846,-0.018867016
8279.083252,0.09211445,0.044654846,0.038580418
8283.233643,0.1433549,0.044754505,0.026717186
8287.597657,0.06675863,0.07347822,-0.030730247
8292.114258,0.057183743,0.10220194,0.007567883
8296.936036,0.018885612,0.083052635,0.08416462
8301.635743,-0.009838104,0.11177635,0.2086339
8306.762696,-0.009838104,0.11177635,0.2086339
8311.49292,-0.057562828,0.052781582,0.16386127
8316.314698,-0.11501026,0.024057865,0.077690125
8321.136475,-0.13415956,-0.04296398,0.020242691
8326.080323,-0.16288328,-0.04296398,-0.06592846
8330.841065,-0.14373398,-0.05253887,-0.037204742
8336.273194,-0.047988415,0.07193041,-0.037204742
8341.033936,-0.04169607,0.11661482,-0.23927307
8345.916749,-0.022547245,0.04959297,-0.32544374
8350.55542,0.015751362,-0.04615259,-0.35416746
8354.614258,0.14022064,-0.11317444,-0.124378204
8358.795167,0.13064575,-0.103600025,0.047964096
8362.945557,0.14022064,-0.027003288,0.25860405
8367.340088,0.111496925,0.04959297,0.37349892
8372.009278,0.04958868,0.08645582,0.39982176
8376.708985,-0.06530619,0.11517954,0.53386545
8381.347657,-0.11317873,0.18220139,0.32322502
8386.291504,-0.11317873,0.18220139,0.32322502
8390.441895,-0.12275314,0.19177628,0.3327999
8393.615723,-0.0748806,0.12475395,0.53386545
8398.040772,-0.11317873,0.12475395,0.5913129
8402.282715,-0.1090312,0.12623835,0.58940506
8406.555176,-0.1090312,0.12623835,0.58940506
8410.583497,-0.1090312,0.12623835,0.58940506
8413.757325,-0.07073307,-0.122700214,-0.004217625
8418.945313,0.025012493,-0.21844578,-0.09996319
8423.64502,0.15905666,-0.14184904,-0.1286869
8428.55835,0.21650362,-0.036529064,-0.1286869
8433.868409,0.11960125,0.23518896,-0.109250546
8438.690186,0.062153816,0.30221128,-0.17627239
8443.389893,-0.024016857,0.25433826,-0.21457052
8448.059083,-0.07188988,0.12986898,-0.17627239
8452.697754,-0.052740574,-0.22438955,-0.1858468
8457.061768,-0.014442444,-0.24353886,-0.13797426
8461.212159,-0.014819622,-0.20506096,-0.111135006
8465.881348,0.04262781,-0.061442375,0.032483578
8470.489502,0.07135153,0.053452015,-0.005814552
8475.219727,0.11922407,0.07260132,-0.03453827
8479.431153,0.090500355,0.07260132,-0.005814552
8484.00879,0.052202225,0.024728298,0.013334274
8488.311768,0.11922407,-0.051867962,0.05163288
8492.82837,0.15535593,-0.07950544,-0.051398754
8497.650147,0.05960989,-0.041207314,-0.1375699
8502.410889,0.011737347,0.006665707,-0.08012247
8507.232667,-0.06485939,0.1407094,0.015623093
8511.383057,-0.10315752,0.25560427,0.0539217
8516.235352,0.011737347,0.43752098,0.24541283
8520.41626,0.011737347,0.43752098,0.24541283
8523.162842,0.010761261,0.5233154,0.41540956
8527.465821,-0.017962456,0.57118845,0.52072954
8531.585694,-0.027536869,0.6094866,0.4537077
8536.834717,0.2501254,0.16905689,0.62605
8541.564942,0.33629656,-0.15647793,0.70264626
8546.478272,0.34587097,-0.4054165,0.6356244
8550.476075,0.11996269,-0.35723448,0.41228056
8556.518555,-0.21514702,-0.2614889,-0.22921515
8561.187745,-0.76089716,-0.16574335,-1.3590131
8566.16211,-0.8183446,0.41830492,0.163342
8570.95337,-1.3449452,1.021502,-0.7845397
8575.805665,-0.30131817,-1.8125677,-3.4462674
8580.01709,-0.30131817,-1.8125677,-3.4462674
8583.160401,0.5133753,-3.1176634,-1.8837671
8587.402344,0.5133753,-3.1176634,-1.8837671
8591.4917,2.5431824,-0.4846592,1.0747719
8596.64917,2.179349,1.1908889,1.9269075
8601.501465,1.2793403,2.2153668,1.8503113
8606.414795,0.27401114,2.3589854,1.1130705
8611.14502,-0.60396814,1.833133,0.14709282
8615.112305,-1.2741873,-0.005182743,-0.8007889
8619.720459,-0.94865227,-0.64667845,-0.6475959
8624.63379,-0.35502958,-0.895617,-0.38908243
8629.364014,0.32476425,-0.91476583,-0.13056946
8634.857178,0.7077465,-0.52220917,-0.073122025
8639.61792,0.45275116,-0.21588898,-0.10462093
8644.592286,0.08891773,0.09049702,-0.0663228
8651.2146,-0.17917013,0.32028627,0.02942276
8656.646729,-0.38023567,0.45433044,0.29751062
8660.827637,-0.35151196,0.32028627,0.4124055
8665.008545,-0.2557664,0.10964584,0.3932562
8670.989991,-0.08781767,-0.07242489,0.28588963
8676.239014,-0.030370235,-0.07242489,0.2571659
8681.030274,-0.106966496,0.061618805,0.17099476
8684.570313,-0.16441393,0.13821554,0.2475915
8688.720704,-0.14526463,0.22438669,0.29546404
8692.962647,-0.15483952,0.27225924,0.31461334
8698.120118,-0.059093952,0.3584304,0.29546404
8702.270508,-0.009439468,0.34914017,0.34150314
8707.03125,0.03843355,0.32999086,0.39895058
8711.669922,0.06715727,0.28211832,0.4276743
8717.041016,0.019284248,0.27254343,0.39895058
8721.191407,-0.028588295,0.15764904,0.2936306
8725.524903,-0.028588295,0.09062719,0.20745945
8728.33252,-0.028588295,0.0810523,0.111713886
8732.574463,-0.043063164,0.11356163,0.05330515
8737.304688,0.00480938,0.06568861,0.005432129
8741.363526,-0.03348875,-0.001333237,-0.061589718
8746.154786,-0.062212467,-0.19282436,-0.339252
8750.88501,-0.062212467,-0.19282436,-0.339252
8754.699708,0.00480938,-0.18324995,-0.39669943
8759.46045,0.01438427,-0.16410065,-0.26265526
8764.648438,0.04368019,-0.114489555,-0.16318989
8769.500733,0.09155321,-0.0570426,0.009152412
8775.054932,0.07240391,4.05E-04,0.21979237
8779.296875,0.101127625,0.05785227,0.30596352
8783.447266,0.005382061,0.124874115,0.39213467
8787.994385,-0.03291607,0.134449,0.4591565
8792.510987,0.04906416,0.17170238,0.33996344
8797.882081,0.020340443,0.10468054,0.282516
8802.520752,-0.017957687,0.06638193,0.14847231
8807.58667,-0.09455395,-0.010214329,0.091024876
8812.5,-0.11370325,-0.14425802,-0.23451042
8817.901612,-0.084979534,-0.24000359,-0.081317425
8822.662354,-0.03954029,-0.17570305,-0.004598141
8827.575684,-0.058689117,-0.079957485,-0.014172554
8832.244874,-0.12571096,-0.012935638,-0.20566368
8836.029053,-0.16400957,-0.1086812,-0.33013296
8840.72876,-0.19273281,-0.2714486,-0.50247526
8843.963624,-0.049114704,-0.4342165,-0.63651896
8847.351075,0.17110014,-0.48208904,-0.7705631
8852.142334,0.2799511,-0.38768244,-0.73810625
8855.957032,0.39484596,-0.26321316,-0.6423607
8860.687256,0.42356968,-0.119594574,-0.5178914
8863.830567,0.33739853,0.033598423,-0.355124
8868.743897,0.2799511,0.12934399,-0.14448357
8873.474122,0.107608795,0.14849281,0.037433147
8878.967286,0.04058695,0.11019468,0.11402941
8883.728028,-0.034217358,0.13346577,0.08084774
8888.48877,-0.053366184,0.16218948,0.004251003
8893.310547,0.032804966,0.20048761,-0.034047127
8898.345948,0.004081249,0.24836063,0.023400307
8902.496338,0.004081249,0.27708387,0.07127285
8906.89087,-0.053366184,0.3058076,0.13829517
8912.04834,-0.08538294,0.31301022,0.1514349
8916.259766,-0.114106655,0.34173393,0.18973303
8920.898438,-0.05665922,0.15981722,0.18973303
8925.903321,-0.05665922,0.054496765,0.19930792
8932.556153,0.05823517,-0.0412488,0.18973303
8937.5,0.03908634,-0.108270645,0.18015862
8942.077637,0.05856514,-0.11091995,0.117694855
8946.746827,0.029841423,-0.082196236,0.069821835
8951.416016,-0.01803112,-0.05347252,0.050673008
8955.261231,-0.05632925,0.09972048,0.203866
8959.533692,-0.05632925,0.09972048,0.203866
8963.684083,-0.09462786,0.4156809,0.1847167
8968.017579,0.048990726,0.50185204,0.14641857
8972.167969,0.014672279,0.5584874,0.21006727
8975.708008,0.196589,0.47231627,0.2292161
8979.705811,0.39765453,0.003162861,0.51645327
8983.856202,0.39765453,-0.08300829,0.69837
8988.92212,0.22531271,-0.04471016,0.7079444
8993.774415,0.07211971,-0.111732006,0.46858025
8999.237061,-0.081073284,-0.44684172,-0.3931303
9003.936768,-0.3337531,-0.42013788,-0.8393712
9008.880616,-0.6018405,-0.35311604,-1.2415028
9013.641358,-0.6497135,-0.3148179,-1.4329939
9019.073487,-0.86992836,0.93944955,0.64468575
9023.864747,-0.83163023,0.93944955,-1.0978847
9028.778077,-0.34332752,-0.4680109,-1.8064017
9033.508301,-0.5907388,-1.2576871,-1.9757605
9038.787842,1.1422567,-1.9470558,-0.54915094
9043.395997,2.0614142,-1.1044941,0.23596287
9047.882081,2.0518398,0.17849684,0.6572437
9051.879883,2.0518398,0.17849684,0.6572437
9055.114747,0.55820847,1.6146808,1.2125683
9059.051514,-0.1598835,1.413615,1.0880985
9063.201905,-0.59758854,1.0213373,0.67993927
9067.16919,-0.59758854,1.0213373,0.67993927
9070.709229,-0.8178034,0.48516178,0.15333843
9074.127198,-0.7795048,0.054306507,-0.2009201
9078.00293,-0.60716295,-0.21378136,-0.31581497
9081.573487,-0.39652252,-0.38612318,-0.27751684
9085.296631,-0.12843513,-0.45314503,-0.18177128
9087.951661,0.13007832,-0.45314503,-0.06687641
9093.719483,0.25518322,-0.13730478,0.18412113
9098.29712,0.09241581,0.102059364,0.19369555
9102.416993,-0.099075794,0.2935505,0.18412113
9107.086182,-0.27141762,0.37972164,0.24156857
9111.358643,-0.27141762,0.37972164,0.24156857
9114.746094,-0.14694834,0.18823051,0.22241926
9118.896485,-0.07992649,0.015888214,0.07880068
9123.046875,0.03053093,-0.05928135,-0.004621029
9127.380372,0.04010582,-0.088005066,-0.04291916
9134.124756,0.00180769,0.06518793,-0.09079218
9139.892579,0.00180769,0.1609335,-0.071642876
9145.233155,0.03053093,0.20880651,-0.071642876
9149.963379,0.041534424,0.20545483,-0.08195114
9154.846192,0.03196001,0.18630552,0.023368835
9160.03418,0.07983303,0.1480074,0.052092552
9165.100098,0.10855675,-0.005185604,0.12868929
9169.250489,0.10855675,-0.005185604,0.12868929
9174.316407,0.060683727,-0.12008047,0.09039116
9179.473877,0.060683727,-0.1392293,0.052092552
9183.624268,0.053558826,-0.11412811,0.039551735
9188.537598,0.03441,-0.06625509,0.020402908
9193.359375,0.024835587,-0.06625509,-0.06576824
9197.113038,-0.09963417,-0.05668068,-0.10406637
9201.232911,-0.08048487,-0.17157507,-0.17108822
9205.627442,-0.08048487,-0.17157507,-0.17108822
9208.374024,-0.1379323,-0.29604435,-0.2955575
9212.677002,-0.12867069,-0.280766,-0.29119682
9216.064454,-0.09037256,-0.26161718,-0.33906984
9220.092774,-0.1190958,-0.30948973,-0.36779356
9222.869874,-0.07122326,-0.30948973,-0.39651728
9227.905274,-0.013775826,-0.2903409,-0.47311354
9232.635499,-0.013775826,-0.2903409,-0.47311354
9236.480713,0.014947891,-0.22331905,-0.425241
9241.302491,0.099823475,-0.22538614,-0.42040443
9246.765137,0.17642021,-0.26368475,-0.31508446
9251.403809,0.20514393,-0.28283358,-0.17146587
9255.340577,0.1668458,-0.25410986,-0.03742218
9259.58252,0.18599463,-0.22538614,0.07747269
9263.732911,0.032801628,-0.072193146,0.37428427
9268.096924,-0.1395402,0.052276134,0.52747726
9272.216797,-0.13423204,0.15058279,0.6198907
9277.069092,-0.13423204,0.15058279,0.6198907
9281.158448,-0.18210459,0.29420137,0.39967585
9285.91919,-0.14380646,0.26547766,0.6294656
9290.069581,-0.10550833,0.27505207,0.68691254
9295.257569,-0.13423204,0.37079763,0.485847
9300.445557,-0.13644075,0.37525368,0.49059916
9305.389405,-0.30878258,0.030569553,0.050169468
9310.150147,-0.21303701,-0.25666714,-0.045576096
9315.093995,0.14122152,-0.3619871,-0.13174725
9320.281983,0.14122152,-0.3619871,-0.13174725
9325.378418,0.37101126,-0.02687788,-0.36153698
9330.078125,0.41739607,0.16623402,-0.4427681
9334.960938,0.101435184,0.39602375,-0.2991495
9340.148926,0.005689621,0.40559816,-0.12680769
9345.092774,-0.003884792,0.38644886,-0.059785843
9349.853516,-0.013459206,0.34815073,0.07425833
9354.827881,-0.042182922,0.33857632,0.29447317
9360.13794,-0.066813946,0.3309765,0.394269
9365.05127,-0.028515816,0.23523092,0.35597086
9369.628907,-0.047664642,0.15863466,0.21235228
9374.847413,-0.07638836,-0.18604946,0.09745741
9379.425049,2.08E-04,-0.2722206,-0.007862568
9383.57544,2.08E-04,-0.2434969,-0.14190626
9387.969971,0.06722975,-0.14775133,-0.17062998
9392.181397,0.097752094,-0.027776718,-0.22306585
9396.850586,0.07860279,0.077543736,-0.19434214
9400.909424,-0.007567883,0.20201302,-0.23264027
9404.785157,-0.026717186,0.31690788,-0.14646912
9409.729004,0.002006531,0.40307856,-0.16561842
9414.672852,0.37541437,0.24031115,-0.1368947
9419.86084,0.40790796,0.08897209,-0.03561735
9424.987793,0.3313117,0.002800942,0.002680779
9429.595948,0.14939499,0.04109907,-0.08349037
9434.753418,0.034500122,-0.26528692,-0.39945078
9439.39209,-0.003798008,-0.42805433,-0.31327963
9443.542481,-0.08039427,-0.45677805,-0.38030148
9447.906495,-0.17613983,-0.41847992,-0.5430689
9454.89502,-0.5100393,0.24768257,1.251852
9459.960938,-0.9217453,1.0040727,-0.33752537
9465.118409,-0.5962105,0.10406399,-1.7737093
9469.268799,-0.4525919,-1.2555237,-2.9130821
9473.510743,0.35167122,-2.7395806,-1.7162619
9478.33252,1.960197,-2.2608523,0.15077734
9482.482911,2.7532034,-0.79183006,1.2352762
9486.877442,2.3510718,1.1039326,1.9342194
9490.966797,1.1829753,2.4156475,1.8576221
9495.635987,-0.17661238,2.7028842,1.1395302
9499.969483,-1.2298138,2.099687,0.2586708
9505.310059,-1.7085419,-0.15990925,-0.62218857
9510.070801,-1.1614587,-0.94063044,-0.4888482
9515.014649,-0.30932283,-1.390635,-0.21118593
9520.17212,0.5332384,-1.2757401,-0.010120392
9525.08545,0.77260256,-0.32785892,0.15264702
9529.815674,0.30344915,0.17959309,0.19094515
9534.759522,-0.10825682,0.57214975,0.2771163
9540.008545,-0.40322495,0.67968225,0.33017397
9544.982911,-0.5276942,0.4786167,0.42591953
9549.591065,-0.39365053,0.25840187,0.45464325
9554.779053,-0.1638608,0.00946331,0.378047
9559.326172,0.037204742,-0.13415527,0.378047
9563.476563,0.094652176,-0.11500597,0.3588977
9567.840577,0.02763033,0.019037724,0.29187584
9572.113038,-0.033134937,0.14349318,0.28039837
9576.843262,-0.17675304,0.27753687,0.25167465
9581.939698,-0.22462606,0.4786029,0.3091221
9586.914063,-0.08100748,0.45945358,0.23252583
9591.064454,-0.023560047,0.42115545,0.14635468
9595.489502,0.00516367,0.34455872,0.0410347
9600.097657,0.0699687,0.22972059,-0.034101963
9605.041504,0.0699687,0.22972059,-0.034101963
9609.680176,0.12741566,0.06695318,0.052069187
9614.807129,0.117841244,0.0956769,0.080792904
9619.445801,0.07954311,0.1148262,0.10951662
9623.596192,0.031670094,0.086102486,0.080792904
9627.960206,-0.09279919,0.086102486,0.032919884
9632.110596,-0.106235504,0.06894112,0.05954647
9637.48169,-0.05836296,0.021068573,0.069120884
9642.578125,0.018233776,-0.055528164,0.011673451
9647.43042,0.018233776,-0.08425188,-0.02662468
9651.702881,0.02780819,-0.1129756,-0.017050266
9656.066895,0.046957493,-0.1129756,0.0786953
9659.240723,0.008658886,-0.13212442,0.16486645
9663.482667,-0.046936512,-0.07692814,0.14649725
9667.877198,-0.07566023,-0.009906292,0.0794754
9671.997071,-0.07566023,-0.009906292,0.0794754
9676.757813,-0.15225697,-0.03863001,-0.19818687
9681.945801,-0.018213272,-0.12480116,-0.19818687
9687.042237,0.058383465,-0.07692814,-0.12159014
9691.741944,0.049884796,-0.05739355,-0.10215616
9696.655274,0.011586666,-0.21058655,-0.28407288
9701.87378,-0.06501007,-0.3254814,-0.32237148
9706.817627,0.11690664,-0.48824883,-0.30322218
9711.547852,0.2030778,-0.4595251,-0.30322218
9716.644288,0.18392849,-0.2584591,-0.1787529
9721.832276,0.14466524,-0.02200365,-0.080592155
9726.837159,0.06806898,0.28438234,0.120473385
9731.506348,-0.018102169,0.26523304,0.17792082
9736.480713,-0.11384773,0.15033817,0.15877199
9741.668702,-0.18086958,0.01629448,0.15877199
9746.643067,-0.0564003,-0.1273241,0.1491971
9751.495362,-0.04265213,-0.10664511,0.19618845
9756.317139,0.014795303,-0.03004837,0.15789032
9761.444092,-0.023502827,0.10399532,0.08129358
9766.723633,-0.004354,0.07527161,0.042995453
9770.874024,-0.004354,0.036973476,-0.033600807
9775.299073,-0.004354,0.036973476,-0.033600807
9778.472901,0.033944607,0.017824173,-0.024026394
9782.714844,-0.007306099,0.046854496,-0.005449295
9787.170411,-0.007306099,0.046854496,-0.005449295
9791.259766,0.030992031,0.14260006,0.013700008
9795.928956,0.011842728,0.12345123,0.023274422
9801.208497,0.011842728,0.2000475,0.119019985
9806.152344,-0.036029816,0.28621864,0.09987116
9810.882569,0.00363493,0.4515829,0.15097237
9815.917969,0.10895538,0.4132843,0.29459095
9820.404053,0.18555164,0.2505169,0.30416536
9825.531006,0.38661766,-0.027145386,0.5148058
9830.749512,0.2717228,-0.0367198,0.5435295
9835.662842,0.14725351,0.030302048,0.5052314
9839.294434,0.032358646,0.059025764,0.24671793
9844.024659,-0.12002802,0.07465458,-0.11737776
9848.968506,-0.21577358,0.045930862,-0.4716363
9853.668213,-0.28279543,-0.42322254,-1.2280269
9858.337403,-0.14875174,-0.43279696,-0.36631632
9862.884522,-0.5413089,0.4289136,0.65816164
9867.431641,-0.79982185,0.7352996,-1.1227064
9871.887208,-0.58519983,-0.6838436,-2.0466943
9876.77002,-0.6809454,-1.5551286,-2.180738
9879.974366,-0.17349386,-1.9093876,-1.2424312
9884.155274,1.4637561,-1.7083216,0.22247648
9889.434815,2.5456815,-0.40618134,1.0650382
9894.073487,0.9946027,2.4087393,1.3331256
9899.475098,-0.32668686,2.3704412,1.0171652
9904.357911,-1.095741,1.4804852,0.60432005
9908.935547,-0.8563771,-0.5876198,-0.49675465
9913.69629,-0.8563771,-0.5876198,-0.49675465
9918.579102,-0.23403072,-0.85570765,-0.48717976
9923.675538,0.15852642,-0.6163435,-0.19036865
9928.68042,0.4457631,-0.08974266,0.24048662
9933.34961,0.4508481,-0.028977394,0.2806468
9938.171387,-0.10447645,0.21996117,0.25192308
9943.29834,-0.36298943,0.23911047,0.18490124
9948.333741,-0.37256384,0.07634258,0.23277426
9953.00293,-0.37256384,0.07634258,0.23277426
9957.855225,8.44E-04,-0.25876665,0.10830498
9963.012696,0.11260557,-0.40091228,-0.004907608
9967.74292,0.16047859,-0.40091228,0.042964935
9972.351075,0.007285595,0.06824112,0.05253935
9977.050782,0.007285595,0.06824112,0.05253935
9980.285645,-0.13633299,0.36505222,0.1387105
9984.588624,-0.13633299,0.36505222,0.1387105
9988.677979,-0.05973625,0.21185923,0.042964935
9992.767334,0.060988903,0.08351946,0.026403427
9997.039795,0.060988903,0.08351946,0.026403427
10000.12207,0.17588377,-0.021800518,-0.09806585
10004.60816,0.18545818,-0.07924795,-0.14593887
10009.24683,0.11843634,-0.088822365,-0.11721516
10014.03809,0.10886192,-0.12712097,-0.059767723
10018.95142,0.07056379,-0.1654191,0.03597784
10024.04785,0.08953047,-0.14336443,-0.012238503
10028.83911,-0.025364399,-0.11464071,-0.07926035
10033.47778,-0.06366253,-0.15293884,-0.1462822
10038.29956,-0.092386246,-0.13378954,-0.1271329
10043.48755,-0.06366253,-0.11464071,-0.1271329
10048.37036,-0.054088116,-0.05719328,-0.19415522
10053.03955,-0.048681736,-0.02797842,-0.28384352
10057.80029,-0.06783056,0.019894123,-0.2934184
10062.98828,-8.09E-04,7.45E-04,-0.17852354
10067.96265,0.06621313,0.06776714,-0.20724726
10072.63184,0.06621313,0.13478899,-0.14979982
10077.66724,0.018340588,0.24010944,-0.19767284
10082.79419,-0.06565094,0.266809,-0.19112587
10087.55493,-0.07522583,0.24765968,-0.16240215
10092.25464,0.01094532,0.17106295,-0.10495472
10097.13745,0.01094532,0.17106295,-0.10495472
10100.67749,0.039669037,0.056168556,-0.14325333
10105.52979,0.049243927,-0.049151897,-0.14325333
10110.26001,0.15665483,-0.10082245,0.09892464
10115.11231,0.21410179,-0.14869499,0.25211763
10120.11719,0.18537855,0.042796135,0.33828878
10125.03052,-0.006113052,0.042796135,0.40531063
10129.69971,-0.2071786,-0.07209873,0.45318317
10134.61304,-0.2550516,-0.15826988,0.42445946
10139.28223,0.041759968,-0.014651299,0.08935022
10144.74487,0.22361135,0.20191813,-0.001695633
10149.26148,0.22361135,0.316813,0.00787878
10153.90015,0.20446253,0.44128227,-0.001695633
10158.69141,0.003396511,0.28808928,-0.0974412
10163.14697,-0.015752792,0.13489628,-0.1357398
10167.51099,-0.063625336,0.010426998,-0.22191048
10171.56983,-0.044932365,-0.013079643,-0.24200106
10176.30005,-0.044932365,-0.013079643,-0.24200106
10179.80957,0.012515068,0.0347929,-0.20370245
10184.84497,0.06038809,0.0347929,-0.12710619
10188.96484,0.06038809,0.08266592,0.026086807
10193.17627,0.041238785,0.053942204,0.1792798
10198.02857,0.06038809,0.025218487,0.23672724
10201.20239,0.089111805,-0.032228947,0.1601305
10205.96314,0.089111805,-0.08967638,0.14098167
10210.69336,0.10826063,-0.13754892,0.06438494
10213.80615,0.061649323,-0.15175486,0.14138174
10218.62793,0.013776302,-0.056009293,0.22755289
10222.25952,-0.07239485,0.15463114,0.3998952
10227.0813,-0.08196926,0.19292927,0.37117147
10231.23169,-0.07239485,0.14505625,0.4094696
10235.5957,-0.04367113,0.08760929,0.47649145
10239.74609,-0.091543674,0.030161858,0.5339389
10245.08667,0.054556847,0.11585283,0.3080864
10249.66431,0.15030241,0.20202398,0.17404222
10254.79126,0.21732426,0.24032211,0.17404222
10258.97217,0.06413126,0.27862072,0.049572945
10263.51929,-0.012465477,0.24032211,-0.04617262
10267.8833,-0.050763607,0.15415096,-0.1514926
10272.12525,-0.14617395,0.004116535,-0.23374653
10276.33667,-0.14617395,-0.120352745,-0.3294921
10279.44946,-0.15574837,-0.28312063,-0.5018339
10283.59985,-0.19404697,-0.41716433,-0.70289993
10288.75733,-0.060002804,-0.33099318,0.47477102
10293.48755,-0.6440511,0.48284435,0.015192509
10298.52295,-0.74937105,0.06156349,-1.0284348
10303.86353,-0.5678663,-1.5405827,-2.1128163
10308.74634,0.48533535,-2.431017,-1.078764
10313.50708,1.7587519,-1.4927101,-0.23620272
10318.20679,2.1991816,0.18283796,0.4244423
10322.9065,1.5098133,1.5424259,0.97019196
10327.23999,0.51405907,2.0498774,1.3340254
10331.39038,-0.31312466,1.6325071,1.0697074
10335.84595,-0.77270365,0.85696745,0.38991356
10339.9353,-0.95462036,0.11972666,-0.41434956
10343.13965,-0.91632223,-0.4355979,-0.9983978
10348.0835,-0.28440094,-0.8664532,-0.98882294
10352.90527,0.15602875,-0.7515588,-0.7398844
10357.84912,0.5485854,-0.5983658,-0.62499
10363.03711,0.6313906,-0.44923925,-0.6107273
10367.85889,0.15266228,-0.10455513,-0.34263945
10372.68067,-0.1058507,0.14438343,-0.1415739
10377.71607,-0.21117067,0.33587456,-0.017104626
10382.90405,-0.21117067,0.393322,0.17438698
10387.87842,0.028192997,0.17310715,0.3467288
10392.60864,0.12448263,-0.03504944,0.2970457
10397.49146,0.095758915,-0.102071285,0.28747082
10402.70996,0.0670352,-0.006325722,0.25874758
10407.71484,-0.057434082,0.22346401,0.31619453
10412.47559,-0.09573221,0.26176214,0.31619453
10417.44995,-0.114881516,0.25218725,0.31619453
10422.72949,-0.09019852,0.26937962,0.25750065
10427.55127,-0.042325497,0.28852892,0.26707506
10432.22046,-0.042325497,0.31725264,0.28622437
10437.07275,-0.042325497,0.31725264,0.28622437
10441.61987,-0.13807106,0.15448475,0.1713295
10445.98389,-0.11892223,-0.017857075,0.1521802
10450.13428,-0.09019852,-0.065730095,0.075583935
10453.03345,-0.047277927,-0.1422391,-0.058882236
10459.74732,5.95E-04,-0.1326642,-0.18335152
10465.271,-0.0281291,-0.1422391,-0.29824638
10469.57398,-0.06642723,-0.11351538,-0.26952267
10473.69385,-0.123874664,-0.08479166,-0.25994825
10477.99683,-0.076001644,-0.10394049,-0.26952267
10482.51343,0.1574173,-0.12541008,-0.19150639
10486.81641,0.23401356,-0.07753706,-0.057462215
10490.90576,0.19571543,0.056506634,0.12445402
10495.54443,0.19571543,0.056506634,0.12445402
10498.68775,0.05209732,0.24799776,0.4116912
10503.9978,0.013798714,0.27672148,0.5744586
10508.88062,-0.03407383,0.29587078,0.737226
10513.58032,-0.11404419,0.32355022,0.81555986
10518.49365,-0.2672372,0.2852521,0.77726126
10523.65112,-0.27681208,0.25652838,0.652792
10528.62549,-0.35340834,0.17993212,0.5187483
10533.44727,-0.3151102,0.045887947,0.26980972
10538.42163,-0.17149162,-0.13602877,0.28895903
10543.60962,-0.083593845,-0.041039467,0.37086582
10548.46192,-0.093168736,-0.041039467,0.3229928
10553.25317,-0.15061617,-0.30912733,-0.15573502
10557.92236,-0.15061617,-0.30912733,-0.15573502
10562.46948,-0.14104128,-0.49104357,-0.36637545
10567.0166,0.20364285,-0.5676403,-0.969573
10571.16699,0.3970294,-0.37019396,-1.0355339
10575.80567,0.5885205,-0.1404047,-0.9972353
10580.3833,0.62681866,0.098959446,-0.8631916
10586.15112,0.540648,0.25215244,-0.66212606
10590.271,0.3970294,0.28087616,-0.3748889
10593.0481,0.15766525,0.20427942,-0.23127079
10597.38159,0.042770863,0.089384556,-0.10680151
10602.02026,-0.11950922,0.09325743,0.005651951
10606.32324,-0.11950922,0.09325743,0.005651951
10610.38208,-0.11950922,0.09325743,0.005651951
10613.12866,-0.004614353,0.1794281,0.15884495
10618.25562,0.0815568,0.21772671,0.08224869
10623.4436,0.0815568,0.20815182,-0.023071289
10628.44849,0.09113121,0.08368254,-0.07094431
10633.20923,0.021591663,-0.06734848,0.028580666
10638.03101,0.021591663,-0.15351963,0.12432623
10643.15796,0.01201725,-0.14394474,0.0860281
10647.97974,0.00244236,-0.038624763,0.04772997
10652.13013,0.01201725,0.047546387,-0.03844118
10656.55518,-0.045430183,0.10499382,-0.057590485
10660.70557,-0.0933032,0.06669521,-1.43E-04
10663.97095,-0.14093208,0.060751915,0.002092838
10668.79273,-0.09305906,0.108624935,0.21273327
10673.52295,0.002686501,0.17564678,0.38507557
10678.19214,0.04098463,0.29054165,0.4042244
10682.83081,0.1367302,0.3671379,0.4233737
10687.22534,0.17502832,0.47245836,0.38507557
10691.37573,0.21865511,0.5243063,0.49280167
10695.67871,0.30482578,0.43813515,0.51195097
10700.77515,0.41014624,0.20834589,0.51195097
10704.10156,0.40057182,-0.36612797,0.3683324
10709.25903,0.36227322,-0.5671935,0.07152128
10714.63013,0.28567696,-0.7108121,-0.34975958
10720.45899,0.15580988,-0.719368,-0.85405445
10726.07422,-0.21759844,-0.79596424,-1.6870413
10730.80444,-0.48568583,-0.4417057,0.3140416
10735.83984,-1.4239929,0.43915415,-0.46149778
10740.57007,-1.4239929,0.43915415,-0.46149778
10744.38477,-0.8878174,-1.9927845,-1.868958
10749.26758,-0.4761114,-2.2895956,-1.3710809
10753.9978,0.7709112,-2.1656919,-0.5111842
10758.75855,1.8815598,-0.76780605,0.38882446
10764.5874,1.508152,2.47797,1.8920307
10768.85986,0.65601635,2.8513777,1.9016047
10773.01025,-0.11952305,2.190733,1.2792587
10777.37427,-0.6748476,1.0322113,0.21648216
10781.89087,-1.0842397,0.07425928,-0.55467606
10787.68921,-1.0172179,-1.1129861,-0.966382
10792.3584,-0.29912567,-1.1321354,-0.7270179
10797.14966,0.44769,-0.969368,-0.5929742
10802.30713,0.8402467,-0.7204294,-0.55467606
10807.15942,0.46683884,-0.31829786,-0.4876542
10811.7981,0.06632042,-0.13115072,-0.2835884
10816.55884,-0.297513,-0.006681442,-0.07294798
10821.19751,-0.4315567,0.022042274,0.12811756
10825.19531,-0.37410927,-0.044979572,0.2047143
10829.49829,-0.19219255,-0.17902374,0.23343801
10833.64868,-7.01E-04,-0.30349302,0.21428871
10838.0127,0.06632042,-0.35136557,0.17599058
10842.16309,0.045454502,-0.15774155,0.10303974
10847.41211,-0.09816408,0.062473297,0.15091276
10852.11182,-0.13646221,0.15821886,0.29453087
10856.87256,-0.15561152,0.2156663,0.3519783
10861.1145,-0.1268878,0.30183744,0.38070202
10864.53247,-0.069440365,0.33056116,0.43814945
10868.89649,0.007156372,0.41673183,0.3711276
10873.04688,0.058098316,0.46244383,0.30111313
10877.99072,-0.008923531,0.49116755,0.2532406
10882.65991,0.019800186,0.2709527,0.19579315
10887.8479,0.0293746,0.15605783,0.05217457
10891.99829,0.08682203,-0.045008183,-0.120167255
10896.8811,0.08682203,-0.12160444,-0.27336025
10901.27564,0.14260721,-0.10401535,-0.35930014
10904.90723,0.10430908,-0.16146278,-0.35930014
10908.87451,0.09473467,-0.11358976,-0.2827034
10913.17749,0.06601095,-0.07529163,-0.23483086
10918.0603,0.085160255,-0.06571722,-0.26355457
10922.79053,-0.029734612,-0.036993504,-0.18695784
10928.31421,-0.13505507,-0.06571722,-0.08163786
10933.01392,-0.079435825,-0.11797476,0.15881634
10937.89673,-0.079435825,-0.11797476,0.15881634
10942.65747,-0.041137695,0.025643349,0.20668936
10947.81494,-0.079435825,0.15011263,0.18754005
10952.69775,0.025884151,0.22670937,0.24498749
10957.18384,0.006734848,0.21713448,0.20668936
10961.70044,0.06135273,0.17719698,0.17646074
10965.36255,-0.043967247,0.08145094,0.09029007
10970.00122,-0.043967247,0.08145094,0.09029007
10975.0061,-0.02481842,-0.014294624,-0.053328514
10982.08618,-0.082265854,-0.1004653,-0.13949966
10986.99951,-0.1492877,-0.090890884,-0.1969471
10991.97388,-0.060988903,-0.047331333,-0.3147831
10997.25342,0.006032944,-0.047331333,-0.3339324
11001.89209,0.006032944,-0.047331333,-0.3339324
11005.82886,0.06348038,-0.13350248,-0.12329197
11010.0708,0.06348038,-0.13350248,-0.12329197
11012.81738,0.13050222,-0.018607616,0.11607218
11017.1814,-0.12801075,-0.06648064,0.039475918
11021.33179,-0.12801075,-0.06648064,0.039475918
11024.71924,-0.22284508,-0.102268696,0.023406029
11028.65601,-0.12709951,-0.33205795,-0.12978697
11032.83692,0.0548172,-0.29375982,-0.110637665
11037.78076,0.21758509,-0.23631239,-0.12978697
11042.66358,0.33247948,-0.025671959,-0.08191395
11048.03467,0.2080102,0.29986286,0.061704636
11052.76489,0.073563576,0.3635912,0.14770079
11057.80029,-0.022181988,0.29656935,0.11897707
11062.46948,-0.060480118,0.18167448,0.08067894
11067.87109,-0.11792755,-0.01939106,-0.024641514
11072.60132,-0.07005453,-0.07683849,-0.12038708
11077.72827,-0.022181988,-0.13428593,-0.20655823
11082.4585,-0.011353493,-0.10019636,-0.20395327
11087.76856,0.04609394,0.024272919,-0.21352768
11092.59033,0.065243244,0.07214594,-0.2422514
11097.32056,0.036519527,0.091294765,-0.29969883
11101.47095,0.036519527,0.091294765,-0.29969883
11104.8584,0.007795811,-0.014025211,-0.17522955
11109.10034,-0.011353493,-0.033174515,-0.117782116
11113.25073,-0.017826557,-0.05211401,-0.00791359
11117.55371,-0.036975384,-0.042539597,0.11655569
11123.50464,0.049195766,0.12022829,0.25059938
11129.21143,-0.056124687,0.24469757,0.3942175
11134.00269,-0.084848404,0.30214453,0.31762123
11139.37378,0.001322746,0.34044313,0.29847193
11144.28711,0.2781806,-0.049371243,0.41329002
11149.35303,0.38350105,-0.33660793,0.34626818
11154.29688,0.36435175,-0.4610772,0.32711887
11159.14917,0.2781806,-0.38448095,0.11647844
11163.84888,-0.028204918,-0.19298983,-0.20905638
11169.28101,-0.09522724,-0.2887354,-0.3718238
11174.07227,-0.101509094,-0.5734329,-0.559782
11178.92456,-0.08236027,-0.81279707,-0.665102
11183.65479,-0.5419388,0.08721161,1.8051343
11189.14795,-1.2887547,1.1021152,0.78065634
11193.87817,-1.1355617,0.16380835,-0.6076546
11198.73047,-0.49406624,-1.3872705,-1.277874
11203.46069,0.17833662,-1.6589313,-1.3286905
11208.83179,1.0687709,-0.768497,-0.7063441
11213.56201,1.6240954,0.4474721,-0.208467
11218.47534,1.5379243,1.4815247,0.557498
11223.35816,1.0304723,1.9411037,1.1319714
11227.26441,0.07301664,1.0506694,0.2606864
11231.99463,-0.39050055,0.39273548,-0.6259217
11236.93848,-0.69688606,-0.12429094,-1.2195444
11243.31665,-0.73518467,-0.3732295,-1.4301848
11247.34497,0.059504032,-0.57429504,-1.0184789
11252.13623,0.47121,-0.58386993,-0.94188213
11257.47681,0.66270113,-0.6413169,-0.85571146
11262.20703,0.59481,-0.6526756,-0.7128124
11266.02173,0.010761738,-0.3079915,-0.24365902
11270.78247,0.010761738,-0.3079915,-0.24365902
11273.80371,-0.1998787,-0.15479851,0.024428844
11276.97754,-0.29562426,0.017543316,0.24464369
11280.97534,-0.1998787,0.03669262,0.44570923
11284.33228,-0.094558716,0.007968903,0.47443295
11288.33008,-0.008387566,-0.011180401,0.49358225
11292.5415,0.06301594,-0.10849285,0.33786678
11296.84448,-0.004005909,-0.041471004,0.23254633
11300.8728,-0.09975195,0.035125732,0.12722635
11304.74854,-0.19549751,0.092573166,0.28041935
11309.05151,-0.1571989,0.16916943,0.3282919
11313.20191,-0.12847567,0.33193684,0.27084494
11317.62695,-0.18592262,0.40853357,0.24212122
11321.80786,-0.15962982,0.36323547,0.19095087
11325.19531,-0.12133169,0.36323547,0.16222715
11329.31519,-0.08303356,0.32493687,0.16222715
11333.46558,0.012712002,0.18131876,0.12392855
11338.47046,0.08930874,0.047275066,0.10477972
11343.32275,0.13718128,-0.11549282,0.0569067
11348.69385,0.12760687,-0.14421654,0.028182983
11353.39356,0.04143572,-0.23038721,-5.41E-04
11358.45947,0.012712002,-0.19208908,-0.01968956
11363.1897,0.029040337,-0.18905354,-0.02918291
11366.97388,3.17E-04,-0.21777725,-0.019608498
11371.58203,0.019465923,-0.21777725,-0.07705593
11375.15259,0.04818964,-0.102882385,-0.019608498
11379.30298,3.17E-04,-0.007136822,-0.019608498
11384.73511,-0.009257793,0.11733246,0.04741335
11389.73999,-0.028407097,0.059885025,0.10486078
11393.85986,0.045145035,9.00E-04,0.032115936
11398.71216,0.06429386,-0.04697275,-0.044480324
11404.87671,0.025995731,0.0391984,-0.07320404
11409.79004,0.035570145,0.058347702,0.04169035
11413.90991,0.006846428,0.067922115,0.21403265
11418.30444,0.035570145,0.0391984,0.17573452
11424.71314,0.05471468,0.07863331,0.116281986
11430.14526,-0.0697546,0.021185875,0.010962009
11435.30274,-0.13677645,0.04990959,0.04926014
11439.54468,-0.13677645,0.11693144,0.12585688
11444.88525,-0.10805273,0.14565516,0.077983856
11449.49341,-0.060180187,0.07863331,-0.09435797
11453.70483,-0.03470421,-0.051609993,0.026824951
11458.92334,-0.04427862,-0.10905743,0.20874166
11464.90479,-0.11130047,0.04413557,0.10342121
11469.51294,-0.27406836,0.034561157,-0.09764433
11474.12109,-0.21662092,-0.16650486,-0.16466618
11478.42407,-0.19747162,-0.3675704,-0.18381548
11484.46655,0.2878585,-0.4377942,-0.38631773
11489.13574,0.4602008,-0.23672867,-0.47248888
11493.31665,0.4506259,0.060082912,-0.38631773
11498.2605,0.38360405,0.3185959,-0.3575945
11502.99072,0.0197711,0.40476704,-0.032059193
11508.57544,-0.10469866,0.3664689,-0.032059193
11513.30567,-0.12342548,0.24576235,0.005039215
11518.15796,-0.14257431,0.09256935,-0.023684502
11523.01025,-0.046828747,-0.09892225,-0.081131935
11528.44238,-0.037254333,-0.19466782,0.005039215
11533.14209,0.0201931,-0.24254036,0.091210365
11538.20801,0.0201931,-0.19466782,0.13908291
11542.93823,-0.03526163,-0.09356642,0.2940054
11548.27881,-0.006537914,-0.07441759,0.26528168
11553.16162,0.022185326,-0.036118984,0.26528168
11557.86133,0.04133463,0.05962658,0.18868542
11562.01172,-0.025687218,0.17452145,0.24613285
11566.40625,-0.025687218,0.2415433,0.2940054
11571.07544,-0.13373137,0.27133942,0.44929504
11575.68359,-0.05713463,0.29048872,0.5546155
11578.76587,-0.037985325,0.33836126,0.60248804
11583.46558,-0.037985325,0.20431757,0.49716806
11588.62305,0.04818535,-0.14036655,0.43972063
11592.77344,0.18222952,-0.44675255,0.30567694
11597.10693,0.34499693,-0.48505068,0.27695322
11601.34888,0.29455757,-0.28494596,0.24578047
11605.95703,0.23711014,-0.007283688,0.14046001
11611.02295,0.20838642,-0.0168581,-0.12762785
11616.02783,0.17008829,-0.074305534,-0.5106101
11620.26978,0.06476784,-0.1700511,-0.9797635
11625.06104,-0.155447,-0.112603664,-0.6829519
11629.94385,-1.7929378,1.4989593,0.28407717
11634.94873,-0.7684598,-0.4255271,-1.841475
11639.55689,-0.44292498,-1.6510711,-2.4350977
11644.6228,-1.2854862,-1.6893692,-2.8276548
11649.20044,-0.7588854,-1.7755404,-1.7170057
11653.4729,2.4294434,-0.435102,1.2415333
11657.83692,2.7262545,0.72342014,1.5957923
11661.98731,2.7070208,0.6110592,1.5251374
11666.44287,1.9602051,1.4248967,0.902791
11670.89844,0.6197667,1.5685151,-0.05466509
11675.53711,-1.3334436,0.40999317,-1.2419105
11679.87061,-1.343018,-0.29852438,-1.2993579
11685.21118,0.08359146,-0.9783182,-0.9642482
11690.39917,0.10937691,-0.928648,-0.9465256
11695.28198,0.79874516,-0.8616257,-0.5826926
11699.95117,0.7029996,-0.7850294,-0.3912015
11705.62744,0.43491173,-0.50736713,-0.2380085
11710.81543,0.43491173,-0.50736713,-0.2380085
11715.91187,-0.27360535,0.11497927,0.05880308
11720.73364,-0.33105278,0.07668114,0.2407198
11725.3418,-0.20233107,-0.030571938,0.33397102
11728.88184,-0.04913807,-0.059295654,0.55418587
11733.73413,-0.001265526,0.026875496,0.5829096
11738.67798,-0.020414352,0.09389734,0.53503704
11745.6665,-0.1257348,0.1800685,0.53503704
11751.0376,-0.28836107,0.07172823,0.51910543
11755.98145,-0.26921225,0.17704868,0.43293476
11760.65064,-0.23091364,0.21534681,0.2988906
11763.91602,-0.17346668,0.3206668,0.21271992
11769.37866,-0.06814623,0.25364494,-0.007495403
11774.13941,-0.029848099,0.12917566,-0.045793533
11779.08325,-0.048996925,0.004706383,-0.15111351
11783.87451,0.016415596,-0.09648323,-0.26544237
11789.12354,0.14088488,-0.067759514,-0.37076235
11793.85376,0.12173557,-0.039035797,-0.38991165
11798.52295,0.102586746,-0.01988697,-0.35161304
11802.67334,0.08343744,-7.38E-04,-0.22714376
11807.03735,0.11216116,0.1141572,-0.16012192
11811.58447,0.06139517,0.16365814,-0.057472706
11816.00952,0.003947735,0.22110558,0.20104027
11820.03784,0.003947735,0.22110558,0.20104027
11822.81494,0.003947735,0.23067999,0.30636072
11827.69775,-0.082223415,0.22110558,0.43083
11832.9773,-0.072649,0.23067999,0.48827744
11837.98218,-0.072649,0.21153116,0.44040442
11842.68189,-0.118885994,0.1932311,0.52754307
11847.71729,-0.14760923,0.030463219,0.2690301
11852.84424,-0.09016228,-0.11315489,0.106262684
11857.57446,-0.09973669,-0.22804976,0.029665947
11862.42676,-0.05186367,-0.23762417,-0.027781487
11867.15698,-0.06143856,-0.2854972,-0.046930313
11871.7041,-0.032714844,-0.15145302,0.06796408
11876.43433,-0.032714844,-0.15145302,0.06796408
11881.2561,-0.008455753,0.035785675,0.0916028
11886.23047,-0.12335062,0.074083805,0.024580956
11889.73999,-0.0946269,0.11238241,-0.19563389
11894.77539,-0.11377573,0.10280752,-0.07116461
11899.04785,-0.10420132,0.11238241,-0.042441368
11903.19824,-0.13292503,0.05493498,0.015006065
11907.53174,-0.15207386,-0.012086868,0.0724535
11912.07886,0.058566093,-0.16527987,-0.032866478
11916.96167,0.11601353,-0.17485476,-0.07116461
11921.66138,0.102929115,-0.101592064,-0.15088797
11926.51367,0.0933547,-0.034570217,-0.17003727
11930.08423,0.102929115,0.08032417,-0.10301542
11935.08911,0.15080214,0.22394276,0.19379616
11939.2395,0.0933547,0.21436834,0.31826544
11943.42041,0.0933547,0.21436834,0.31826544
11947.87598,-0.0789876,0.061175346,0.14592314
11952.4231,-0.13904142,-0.07292271,0.05163622
11957.39746,-0.16776514,-0.1878171,-0.07283306
11961.63941,-0.12946701,-0.25483942,-0.1015563
11967.16309,-0.062445164,-0.24526453,-0.15900373
11972.44263,0.04287529,-0.0346241,-0.34092045
11977.38648,0.062024117,0.013248444,-0.4079423
11982.51343,0.042560577,0.025156498,-0.38448286
11987.42676,0.10000801,-0.08016348,-0.42278147
11992.58423,0.109582424,-0.108887196,-0.317461
11997.25342,0.080859184,-0.13761091,-0.18341732
12001.43433,0.12873173,-0.118462086,-0.11639547
12005.79834,0.119157314,-0.09931278,0.02722311
12008.97217,0.119157314,-0.051439762,0.07509565
12013.18359,0.071386814,-0.061721325,0.1605444
12017.45606,-0.005209923,0.03402424,0.21799183
12021.57593,0.004364491,0.34998465,0.4765048
12026.30615,0.004364491,0.34998465,0.4765048
12030.05982,0.09053564,0.65637064,0.6488471
12035.03418,0.11925936,0.65637064,0.6584215
12039.76441,0.27710438,0.52428055,0.8206806
12044.83032,0.54519224,0.1317234,1.1940885
12049.92676,0.4685955,-0.05019331,1.4717503
12055.02319,0.1526351,-0.28955698,1.3664303
12059.17358,-0.07715416,-0.36615372,0.6196146
12064.14795,-0.3165183,-0.4810481,-0.4910345
12068.93921,-0.35481644,-0.43317556,-1.2474246
12073.0896,-2.035266,2.5902438,-0.73617125
12077.48413,-2.1788843,-0.042760372,-3.2638555
12081.57349,-1.8342001,-3.2598128,-1.9138422
12086.27319,-1.8342001,-3.2598128,-1.9138422
12089.90479,-2.140586,-3.9108825,-0.113824844
12095.03174,1.7083874,-0.100207806,-1.1095796
12099.76196,3.0073724,0.86158705,0.21033573
12104.70581,2.9116268,1.0339291,1.0050244
12109.86328,0.8147979,0.7466922,-1.2737212
12114.95972,-0.046912193,0.37328434,-2.3364973
12119.11011,-0.43946934,-0.12459278,-2.7577782
12123.2605,-0.42989492,-0.4405532,-2.259901
12127.99072,-0.13308334,-0.50757504,-1.5801072
12132.75147,0.7548475,-0.060028076,-0.67360306
12137.63428,0.8984661,-0.11747551,-0.35764265
12142.39502,0.79314613,-0.36641407,-0.06083107
12148.52905,0.1133523,-0.65365076,0.32215118
12153.16773,-0.1930337,-0.50045776,0.42747164
12157.59277,-0.365376,-0.37598848,0.48491907
12162.13989,-0.3982501,-0.31285286,0.6099596
12168.51807,-0.40782452,-0.11178684,0.9163451
12173.21777,-0.33122778,0.16587543,0.9163451
12178.4668,-0.31207895,0.5392833,0.772727
12183.19702,-0.3599515,0.78822184,0.7823014
12188.14087,-0.3982501,0.7212,0.6291084
12193.45093,-0.38226032,0.42488432,0.5143571
12198.30322,-0.3726859,0.2525425,0.41861105
12203.00293,-0.3056636,0.13764763,0.33244038
12208.06885,-0.21949291,0.14722204,0.23669481
12211.70044,-0.09502363,0.23339319,0.26541853
12216.61377,-0.09502363,0.23339319,0.26541853
12221.344,-0.033287525,0.1493268,0.23921919
12226.28784,-0.033287525,0.1493268,0.23921919
12229.8584,0.043308735,0.005708218,0.15304804
12234.77173,0.08160734,0.005708218,0.03815317
12239.50195,0.12947989,0.10145378,0.13389874
12244.53735,0.12947989,0.10145378,0.13389874
12249.2981,0.08160734,0.17805052,0.23921919
12254.76074,-0.003689766,0.14853907,0.33650827
12259.42993,0.034608364,0.13896418,0.34608316
12264.5874,-0.003689766,0.11981535,0.30778456
12268.76831,0.034608364,0.11024046,0.2311883
12273.31543,-0.02283907,0.12938976,0.16416645
12277.771,0.005884647,0.100666046,0.19289017
12281.92139,-0.037481785,0.16424608,0.16250849
12286.22437,0.010391235,0.18339491,0.17208338
12289.33716,-0.05663061,0.18339491,0.17208338
12293.5791,-0.027906895,0.14509678,0.114635944
12298.58399,-0.027906895,-0.027245522,-2.59E-04
12303.31421,-0.037481785,-0.08469248,-0.048131466
12308.25806,0.010391235,-0.09426737,-0.15345192
12313.41553,0.001985073,-0.04543543,-0.17139387
12318.26782,0.011559486,-0.026286125,-0.35331059
12323.05908,0.040283203,-0.04543543,-0.32458687
12328.06397,0.08815622,-0.074159145,-0.32458687
12333.25195,0.07858133,-0.074159145,-0.2288413
12338.1958,0.06900692,0.002437592,-0.09479761
12343.01758,-4.54E-04,-0.004354,-0.029423714
12347.96143,0.009120464,-0.023503304,0.056747437
12353.1189,0.0665679,-0.061801434,0.12376928
12357.84912,0.07614231,-0.023503304,0.09504557
12361.99951,-0.03875208,0.12011528,0.152493
12366.39404,-0.03875208,0.12011528,0.152493
12369.56787,-0.0866251,0.16798782,0.1333437
12373.84033,-0.06623888,0.14817762,0.15538645
12378.05176,-0.08538818,0.1290288,0.2128334
12382.23267,-0.13326073,0.042857647,0.07878971
12387.20703,-0.13326073,0.042857647,0.07878971
12390.83862,-0.15241003,-0.09118652,-0.32334185
12395.78247,-0.018366337,-0.38799763,-0.7350478
12399.6582,0.009945869,-0.4516282,-0.7088394
12404.96826,0.14398956,-0.4229045,-0.6705413
12409.57642,0.40250254,-0.20268965,-0.43117714
12415.03906,0.3450551,-0.020772934,-0.30670786
12419.18945,0.25888443,0.065398216,-0.16308928
12423.4314,0.12484026,0.10369635,-0.009896278
12429.41284,0.067392826,0.10369635,0.05712557
12434.32617,-0.02292633,0.037467957,0.17307854
12439.17847,-0.051650047,-8.30E-04,0.19222784
12443.90869,-0.01335144,-0.08700132,0.16350412
12449.70703,0.06324482,-0.15402317,0.058184147
12455.07813,0.044095516,-0.08700132,0.08690739
12459.22852,-0.02292633,-0.039128304,0.08690739
12463.40942,-0.098371506,0.050793648,0.040948868
12469.72656,-0.107946396,0.14653921,0.031374454
12475.18921,-0.13666964,0.17526293,0.08882141
12479.88892,-0.098371506,0.19441175,0.040948868
12484.83276,-0.06964779,0.2518592,0.11754513
12489.68506,0.004104137,0.3986163,0.29860926
12495.11719,0.071125984,0.53266,0.41350365
12499.75586,0.071125984,0.53266,0.5092492
12504.97437,0.05197668,0.30287075,0.6337185
12509.8877,0.20516968,-0.060962677,0.7964864
12514.77051,0.29134083,-0.17585754,0.8539338
12518.98193,0.15729713,-0.18543196,0.73903894
12523.52905,0.015824318,-0.19271421,0.5255914
12528.41187,-0.42460537,0.056224346,1.1766615
12533.66089,-1.1905701,1.2913425,2.0287971
12538.3606,-1.3820612,1.5594301,-0.8818693
12542.5415,-1.2192938,-0.26931095,-2.2701802
12546.875,-1.2384429,-1.791666,-1.4659171
12551.05591,-0.78412294,-2.643548,-0.72758484
12556.15234,2.021223,-0.39352655,-0.08608961
12560.21118,2.021223,-0.39352655,-0.08608961
12562.98828,1.8201575,1.1384034,0.14370012
12567.93213,0.24992943,1.4639385,-0.200984
12573.24219,-0.19050026,0.84159184,-0.8424797
12578.18604,-0.42028952,0.056478024,-1.474401
12582.91626,-0.16741657,-0.8708186,-1.5206051
12587.82959,0.12939501,-0.91869164,-1.2333684
12592.95654,0.50280285,-0.78464794,-1.0131536
12597.65625,0.7996144,-0.64102936,-0.85038614
12602.50855,0.80918884,-0.5357089,-0.611022
12607.29981,0.5698247,-0.43038893,-0.41953087
12611.84692,0.27505064,-0.31522846,-0.11204386
12616.18042,-0.002611637,-0.23863173,0.031574726
12620.42236,-0.002611637,-0.23863173,0.031574726
12623.19946,-0.18452835,-0.08543873,0.38583326
12628.17383,-0.0792079,-0.13331175,0.46243
12633.3313,-0.05048418,-0.0471406,0.6060486
12638.42774,-0.069633484,0.11562681,0.66349554
12643.15796,-0.2550583,0.5569687,0.76428604
12648.10181,-0.4274001,0.576118,0.7547116
12653.38135,-0.4274001,0.48994684,0.64939165
12658.3252,-0.2646327,0.19313526,0.34300566
12663.08594,-0.15931273,0.049517155,0.2759838
12668.02979,-0.044417858,0.020793438,0.14193964
12673.52295,0.036191463,0.03703308,0.049324036
12678.80249,0.036191463,0.03703308,-0.10386896
12683.53272,0.02661705,0.056182384,-0.113443375
12688.32398,0.045765877,0.0657568,-0.12301779
12692.87109,0.06491518,0.056182384,-0.046421528
12697.23511,0.02661705,0.12320423,-0.05599594
12701.47705,0.11485529,0.15117264,0.06784344
12705.87158,0.06698227,0.21819448,0.22103643
12710.60181,0.06698227,0.32351494,0.3455057
12713.77564,0.019109726,0.33308935,0.39337826
12718.93311,-0.019188404,0.17032194,0.35508013
12723.66333,-0.028763294,0.055427074,0.24018526
12728.54614,-0.04791212,-0.021169186,0.1444397
12733.82568,-0.036215782,-0.07510662,-0.010680676
12738.64746,-0.055365086,-0.10383034,-0.096851826
12743.28613,-0.0840888,-0.084681034,-0.25961924
12748.01636,-0.12238693,-0.10383034,-0.40323782
12752.65503,-0.07451439,-0.1804266,-0.5181327
12757.01904,-0.11281252,-0.28574705,-0.59472895
12761.13892,-0.02754116,-0.3204031,-0.44107628
12765.59448,0.077778816,-0.34912682,-0.43150187
12768.34107,0.19267368,-0.29167938,-0.37405443
12772.49146,0.2022481,-0.22465754,-0.28788328
12777.74048,0.19267368,-0.07146454,0.07594967
12782.4707,0.17352438,0.062579155,0.25786638
12787.47559,0.09692812,0.1487503,0.47808123
12792.17529,-0.02754116,0.2923689,0.66957235
12797.63794,-0.32435274,0.55088186,0.7557435
12802.45972,-0.36762333,0.58359194,0.78964996
12807.31201,-0.39634705,0.44954824,0.7034788
12811.92017,-0.35804892,0.27720594,0.6747556
12817.26074,-0.20485592,-0.10577631,0.12900543
12821.41113,-0.20485592,-0.10577631,0.12900543
12825.80567,-0.013364792,-0.393013,-0.14865685
12829.95606,-0.013364792,-0.393013,-0.14865685
12833.19092,0.040869236,-0.23178864,-0.14145327
12837.40234,0.060018063,-0.059446335,0.040463448
12841.4917,0.060018063,-0.059446335,0.040463448
12846.25244,-0.016578197,0.16076851,-0.37124252
12851.13525,-0.1697712,0.12247038,-0.47656298
12854.91943,-0.16019678,-0.021148205,-0.6489048
12859.74121,-0.002973557,-0.061047077,-0.8024292
12864.77661,0.43745613,-0.1089201,-0.6492367
12869.41528,0.48532915,-0.003599644,-0.44817066
12874.8169,0.45660543,0.0634222,-0.14178467
12879.54712,0.3800087,0.14001846,0.06885576
12884.552,0.07362318,0.15916777,0.32736874
12889.28223,-0.022122383,0.12086964,0.403965
12894.83643,-0.054777145,0.11926603,0.34317303
12899.71924,-0.09307575,0.10969114,0.26657677
12904.78516,0.002669811,-0.06265068,0.17083073
12908.87451,0.012244701,-0.0913744,0.12295818
12913.39111,-0.016479015,-0.072225094,0.07508516
12917.75513,-0.13137388,0.07139301,0.008063316
12921.90552,-0.2234869,0.24662876,0.005205631
12926.2085,-0.18518877,0.39024734,0.05307865
12931.03027,-0.031995773,0.37109804,0.21584606
12936.21826,0.2456665,-0.18422651,0.34988976
12940.88745,0.30311394,-0.4427395,0.45520973
12945.80078,0.12119722,-0.5959325,0.3881879
12951.14136,-0.012775898,-0.9223404,0.06534386
12956.4209,-0.012775898,-0.9223404,0.06534386
12960.99854,0.05424595,-0.7595725,1.6738701
12966.00342,-0.9989557,0.99257183,2.6504755
12971.22192,-1.2095962,-1.774476,-3.4963925
12975.8606,-1.2095962,-1.774476,-3.4963925
12980.10254,-1.3532145,-3.4117255,-0.6240244
12982.8186,1.4475079,-0.5654845,0.14203978
12987.48779,1.4475079,-0.5654845,0.14203978
12991.94336,2.3283677,1.5313439,-0.33668852
12995.63599,1.5241046,2.1728396,-0.05902624
12999.66431,0.059196472,1.6175151,0.20906162
13003.66211,-0.3333602,-5.86E-04,-1.0452056
13007.69043,-0.3333602,-5.86E-04,-1.0452056
13011.59668,0.08536482,-0.3213644,-1.4583521
13014.95361,0.33430338,-0.082000256,-0.77855825
13018.85986,0.41089964,0.33928013,-0.5104704
13022.94922,0.57366705,0.607368,-0.49132156
13027.2522,0.56409264,0.6265168,-0.5487685
13031.46362,0.56409264,0.6265168,-0.5487685
13034.79004,0.027917385,-0.091575146,-0.16578627
13038.90991,-0.19229746,-0.37881184,-0.012593269
13042.99927,-0.22507,-0.36701012,0.039488792
13047.88208,-0.20592117,-0.17551851,0.16395807
13052.45972,-0.12932444,-0.051049232,0.19268179
13057.55615,0.02386856,-0.012751102,0.29800224
13061.64551,0.14833784,-0.022325516,0.3745985
13065.979,0.11003971,0.025547028,0.3650241
13070.15991,-0.02400446,0.19788933,0.33630037
13073.30322,-0.09034443,0.20019722,0.26500654
13077.51465,-0.16694069,0.27679348,0.30330467
13081.57349,-0.23396254,0.3150916,0.3128791
13086.33423,-0.3488574,0.38211346,0.23628283
13091.00342,-0.3488574,0.38211346,0.23628283
13094.69605,-0.29140997,0.38211346,0.12138796
13099.51782,-0.20523882,0.40126276,0.14053726
13104.43115,-0.10517788,0.34889126,0.087370396
13108.94775,-0.07645416,0.2627201,0.18311596
13113.61694,-0.05730486,0.16697454,0.2501378
13118.68286,1.42E-04,0.090378284,0.31715965
13122.77222,0.06716442,0.042505264,0.2692871
13127.0752,0.05758953,0.023356438,0.27886152
13131.16455,0.05758953,0.023356438,0.27886152
13134.73511,0.06803274,0.026683807,0.3050356
13139.22119,0.05845833,0.045832634,0.28588676
13143.89038,0.029734612,0.07455635,0.3433342
13148.59009,0.020159721,0.10328007,0.3720579
13152.92358,-0.1713314,0.1415782,0.14226818
13157.65381,-0.1713314,0.1415782,0.14226818
13161.74317,-0.13729763,0.08241701,0.11669159
13165.95459,-0.14687204,-0.003754139,-0.007777691
13169.92188,-0.060700893,-0.12822342,-0.14182186
13173.06519,-0.05112648,-0.20481968,-0.15139627
13177.88696,-0.031977177,-0.2335434,-0.22799253
13182.61719,0.006320953,-0.22396898,-0.113098145
13187.46948,0.015895367,-0.24311781,-0.103523254
13192.26074,0.03504467,-0.2335434,-0.21841812
13196.07544,0.044619083,-0.17609596,-0.24714184
13200.83618,0.006580353,-0.11424255,-0.2834816
13205.62744,0.006580353,-0.11424255,-0.2834816
13208.6792,0.054453373,-0.11424255,-0.3026309
13213.25684,0.03530407,-0.16211557,-0.27390718
13218.41431,0.08317709,-0.123817444,-0.13986349
13223.32764,0.064027786,-0.10466814,-0.101564884
13227.7832,-0.022143364,-0.008922577,0.07077694
13232.45239,-0.018698215,0.11662388,0.25277042
13236.81641,-0.08572006,0.20279503,0.32936716
13241.4856,-0.06657076,0.35598803,0.44426203
13246.45996,-0.13359308,0.44215918,0.5112839
13250.70191,-0.13359308,0.44215918,0.5112839
13253.87573,-0.19104004,0.44215918,0.60702944
13258.20923,-0.17189121,0.41343546,0.77937126
13262.35962,-0.14358091,0.47863817,0.8952117
13267.45606,-0.19145346,0.5169363,0.607975
13271.57593,-0.31592274,0.3350196,0.37818575
13275.23804,-0.30634832,-0.009664536,0.22499275
13279.96826,-0.23932648,-0.30647564,-0.023945808
13285.03418,0.15323067,-0.5458398,-0.54097223
13289.76441,0.34914494,-0.43624544,-0.66848135
13294.76929,0.4353161,-0.33092546,-0.65890694
13299.92676,0.36829376,-0.14900875,-0.63975763
13304.87061,0.32042122,0.052057266,-0.48656464
13309.60083,0.22467566,0.080780506,-0.4195428
13314.63623,0.07148266,0.042482376,-0.4291172
13319.82422,-0.016655922,-0.048859596,-0.28286505
13324.8291,-0.08367777,-0.17332888,-0.2158432
13329.49829,-0.10282707,-0.24992514,-0.13924646
13334.65576,-0.016655922,-0.32652187,-0.0626502
13339.2334,0.012067795,-0.36482,-0.024352074
13343.38379,0.07908964,-0.22120142,0.35863066
13347.86987,0.04079151,-0.13503027,0.48309994
13352.02026,0.041041374,-0.13632536,0.4819293
13355.5603,-0.06427908,0.13176203,0.5010781
13360.16846,-0.10257721,0.17963505,0.49150372
13365.23438,-0.17917347,0.2562313,0.4532056
13369.41528,-0.12172651,0.32325315,0.42448187
13374.23706,0.14636135,0.30410433,0.39575815
13379.42505,0.35700178,0.074314594,0.7404423
13383.57544,0.36720037,0.006053925,0.68925905
13388.39722,0.33847713,0.015628338,0.5935135
13393.09692,0.33847713,0.015628338,0.5935135
13398.28491,-0.22642231,-0.09926605,0.5169172
13402.4353,-0.23599672,-0.6737399,-0.24904776
13406.79932,-0.1881237,-0.8460822,-0.9001179
13410.94971,-0.1881237,-0.8460822,-0.9001179
13414.39819,-0.031168938,-0.78423595,-0.8333726
13418.396,-2.0035284,1.8104701,-2.327004
13422.54639,-1.534375,-0.75551224,-5.247245
13427.55127,-1.3141599,-3.321494,-3.2078636
13432.25098,-1.3141599,-3.321494,-3.2078636
13436.09619,1.4433136,-1.9044595,-0.44081545
13440.85693,3.348651,0.747694,0.19110537
13444.15283,3.2353907,2.4170403,0.59445524
13448.54736,1.6938868,2.9149175,0.94871426
13454.95606,-1.0444376,1.5744791,-0.19065857
13459.56421,-1.1401832,0.46383,-0.77470684
13464.11133,-0.81464815,-0.42660427,-0.90875053
13468.44483,-0.4316659,-0.8766084,-0.6981101
13474.45679,0.30924463,-0.60084057,-0.10535765
13479.12598,0.5964813,-0.33275318,-0.08620882
13483.27637,0.5964813,-0.19870901,-0.07663393
13488.22022,0.4145646,-0.25615644,0.04783535
13494.7815,-0.24607992,-0.27530575,0.15315533
13500.45776,-0.3840866,-0.24112797,0.20168734
13505.40161,-0.40323544,-0.097509384,0.5176482
13510.13184,-0.40323544,-0.097509384,0.5176482
13515.22827,-0.23089361,-0.030487537,0.41232777
13519.80591,-0.15429688,0.074832916,0.3357315
13523.9563,-0.17344618,0.1897273,0.3165822
13528.44238,-0.19259548,0.3333459,0.36445522
13532.59277,-0.17665958,0.3423214,0.27012825
13536.89575,-0.29155397,0.30402327,0.3754487
13541.38184,-0.339427,0.24657583,0.346725
13546.14258,-0.12878656,0.30402327,0.19353199
13550.90332,-0.07133913,0.38061953,0.13608456
13555.66406,0.01483202,0.38061953,0.17438269
13561.2793,0.030048847,0.3289199,0.22779751
13566.25366,0.12579441,0.11827946,0.28524494
13570.92285,0.16409254,0.060832024,0.33311796
13575.83618,0.18324184,0.00338459,0.3522668
13580.50537,0.18324184,0.07998133,0.32354307
13583.28247,0.049197674,0.15657759,0.30439425
13587.64649,-0.008249283,0.1948762,0.24694681
13592.22412,-0.08226967,0.052526474,0.26788282
13597.01538,-0.08226967,0.052526474,0.26788282
13601.68457,-0.08226967,0.10997391,0.17213726
13606.56738,-0.110993385,0.16742134,0.17213726
13610.80933,-0.14929152,0.21529388,0.12426424
13614.99024,-0.13014269,0.15784645,0.03809309
13619.62891,-0.16844082,0.11954832,-0.0959506
13623.80982,-0.13073683,0.007544518,-0.22068882
13628.54004,0.03203106,-0.088201046,-0.40260553
13632.72095,0.051179886,-0.13607407,-0.39303112
13638.09204,0.12777662,-0.14564848,-0.3451581
13642.8833,0.12777662,-0.09777546,-0.24941254
13647.82715,0.0607543,-0.05947733,-0.29728556
13652.55737,0.001340389,-0.043727875,-0.35163164
13657.9895,0.010914803,0.013719559,-0.25588608
13662.65869,0.058787346,0.004144669,-0.1314168
13667.63306,0.12580967,0.17648697,0.27071476
13672.36328,0.068362236,0.24350882,0.4813552
13677.85645,-0.065681934,0.32010555,0.6153989
13682.55615,-0.10976076,0.38925028,0.6009369
13687.43897,-0.3204012,0.17860985,0.37114716
13692.23023,-0.31082678,0.06371546,0.25625277
13697.69287,-0.3204012,-0.022455692,0.21795416
13702.39258,-0.22465563,-0.118201256,0.06476116
13707.48901,0.024282932,-0.12777567,-0.078856945
13712.24976,0.008404732,-0.09573841,-0.043923855
13717.13257,-0.010744095,-0.114887714,0.21458912
13722.29004,-0.096915245,-0.038291454,-0.2545643
13727.41699,-0.22138453,-0.18190956,-0.49392843
13732.14722,-0.16393709,-0.39255,-0.50350285
13737.21314,-0.010744095,-0.48829556,-0.49392843
13742.49268,0.36335707,-0.2308855,-0.17289782
13747.40601,0.36335707,-0.2308855,-0.17289782
13752.0752,0.36335707,-0.2308855,-0.17289782
13757.1106,0.29633474,0.3531623,0.037742138
13762.29858,-0.057923794,0.22869301,0.114338875
13767.33399,-0.057923794,0.22869301,0.114338875
13772.12525,-0.20182276,0.053875446,0.40942335
13776.94702,-0.21139765,-0.032295704,0.5051689
13782.07398,-0.04862976,-0.118466854,0.44772148
13787.04834,-0.04862976,-0.118466854,0.44772148
13791.93115,-7.57E-04,-0.08974314,0.28495407
13796.875,-0.08692837,-0.0131464,0.16048479
13802.06299,-0.17161274,0.12016249,0.14009571
13807.03735,-0.24820948,0.2637806,-0.003522873
13811.73706,0.010303974,0.4169736,-0.08969355
13817.32178,0.06775141,0.4169736,-0.051395416
13822.96753,0.11562395,0.07228947,0.19754314
13827.91138,0.16349697,-0.3298421,0.2932887
13832.6416,0.24421024,-0.5411582,0.57614803
13837.55493,0.091017246,-0.3975401,0.62402105
13842.68189,-0.08132458,-0.26349592,0.3655076
13847.65625,-0.15792131,-0.26349592,-0.027049065
13852.38648,-0.18664503,-0.31136894,-0.5919485
13857.45239,-0.4643073,0.3684249,1.8399901
13862.79297,-1.1717205,1.2937996,-1.1013584
13867.79785,-1.1812952,-0.42962122,-3.523722
13872.61963,-0.8653345,-2.6604939,-2.9300992
13877.41089,1.2889414,-2.1721911,-0.49816084
13881.95801,2.6868272,0.10655403,-0.124753
13886.44409,2.4283142,2.0118916,0.68908453
13890.59448,2.4283142,2.0118916,0.68908453
13893.34107,-0.35462618,2.4812353,0.3671522
13898.68164,-1.0535688,1.7056959,-0.40838718
13903.53394,-0.9769726,0.7578144,-0.8966894
13908.23364,-0.45994616,-0.027299404,-0.96371126
13912.38403,0.085803986,-0.47730398,-0.65732574
13916.74805,0.44963694,-0.57304955,-0.006255627
13921.41724,0.47495413,-0.51170635,0.02083683
13926.08643,0.36005974,-0.47340822,0.09743357
13930.7251,-0.04207182,-0.4255352,0.09743357
13936.18775,-0.36760712,-0.2914915,0.26020098
13940.82642,-0.5016508,-0.061701775,0.22190285
13945.22095,-0.5016508,-0.061701775,0.22190285
13947.99805,-0.31015968,-0.09042549,0.34637213
13952.6062,-0.07229853,-0.21904564,0.32248116
13957.39746,0.04259634,-0.26691866,0.3607793
13962.52442,-0.06272411,-0.075427055,0.41822672
13967.37671,-0.17761898,0.087340355,0.42780113
13971.55762,-0.1871934,0.1543622,0.43737555
13976.0437,-0.2063427,0.23095846,0.34162998
13979.24805,-0.22549152,0.23095846,0.29375744
13983.88672,-0.17602444,0.18761969,0.33224058
13988.06763,-0.041980743,0.20676899,0.23649502
13992.24854,-0.041980743,0.20676899,0.23649502
13997.10083,0.01546669,0.20676899,0.092876434
14002.38037,0.06333971,0.19719458,0.092876434
14007.38525,0.06333971,0.053575993,0.11202574
14012.146,0.07688713,0.04097128,0.09273386
14017.08984,2.90E-04,0.117568016,0.016137123
14022.2168,2.90E-04,0.15586615,-0.10833216
14027.19116,-0.076305866,0.19416428,-0.14663029
14031.89087,-0.12417889,0.13671684,-0.175354
14036.95679,-0.12417889,0.13671684,-0.175354
14042.14478,-0.059396267,-0.03153515,-0.117753506
14046.99707,0.026774883,0.054636,0.10246134
14051.75781,-0.03067255,0.12165785,0.26522875
14056.67114,-0.03067255,0.12165785,0.26522875
14061.21826,0.026774883,0.21740341,0.61948776
14065.67383,0.036349297,0.23655272,0.72480774
14069.24439,-0.059396267,0.19825411,0.6865096
14073.6084,-0.088917255,0.14123869,0.59363794
14078.52173,-0.088917255,0.035918236,0.48831797
14083.74024,-0.14636469,-0.07897663,0.2202301
14088.34839,-0.11764097,-0.059827328,0.067037106
14092.49878,-0.07934284,-0.031103611,-0.11487961
14096.89331,-0.021895409,-0.088551044,-0.16275215
14101.53198,-0.05085087,-0.15189743,-0.08358383
14105.3772,-0.089149,-0.20934439,-0.10273266
14109.98535,-0.09872389,-0.17104626,-0.13145638
14115.05127,-0.1082983,-0.15189743,-0.1793294
14119.59839,-0.09872389,0.010870457,0.08875847
14123.74878,-0.1274476,0.11619043,0.031311035
14128.11279,-0.16574574,0.0778923,-0.006987095
14132.38525,-0.21634483,-0.032913208,-0.073668
14138.00049,0.09004116,-0.43504477,-0.15026426
14143.15796,0.29110718,-0.44461918,-0.17898798
14147.88818,0.38685274,-0.3584485,-0.06409311
14152.03858,0.34855413,-0.17653179,-0.06409311
14157.77588,0.23365974,0.024534225,-0.01622057
14162.41455,0.041527748,0.26778364,0.009584427
14167.02271,0.041527748,0.26778364,0.009584427
14171.14258,-0.054217815,0.32523108,-0.08616114
14175.81177,-0.054217815,0.32523108,-0.08616114
14179.47388,0.022378922,0.076292515,-0.23935413
14184.5398,-0.006344795,0.018845081,-0.22977972
14189.27002,-0.054217815,-0.048176765,-0.10531044
14194.00025,-0.11227846,-0.020683289,0.041846752
14198.97461,-0.15057659,-0.020683289,0.19503927
14204.31519,-0.11227846,-0.001533985,0.16631603
14209.04541,-0.06440592,-0.030257702,0.22376299
14213.95874,0.060063362,-0.10685444,0.28121042
14218.93311,0.040914536,-0.087705135,0.22376299
14224.15161,0.014702797,0.057495594,0.22211361
14228.97339,0.11044836,0.11494303,0.14551735
14233.79517,0.1678958,0.19153929,0.1933899
14238.73901,0.18704462,0.28728485,0.2125392
14243.927,0.13917208,0.12451744,0.23168802
14249.02344,0.08172464,-0.019101143,0.28913546
14253.75366,-0.10618353,-0.06294489,0.40785122
14258.54492,-0.09660864,-0.015072346,0.31210566
14263.82446,-0.07745981,0.042375088,-0.003854752
14268.43262,-0.087034225,-0.053370476,-0.42513514
14272.61353,-0.07745981,-0.16826534,-0.9804597
14277.49634,-0.3551221,-0.034221172,-0.0900259
14281.0669,-1.1886525,0.6713643,-1.8498092
14285.36987,-1.1886525,0.6713643,-1.8498092
14288.0249,-1.0737576,-1.3488679,-3.4104624
14292.20581,0.5730667,-3.3403769,-1.4859757
14297.14966,0.5730667,-3.3403769,-1.4859757
14300.75073,2.2294655,-1.894618,0.1129756
14305.7251,2.2294655,-1.894618,0.1129756
14310.45532,0.4007244,2.7298946,1.8459716
14314.69727,-0.5615206,2.0376918,1.0069556
14319.2749,-0.9253535,1.0036392,0.11652136
14324.89014,-0.5423713,-0.3846717,-0.86965847
14329.1626,-0.17853785,-0.5665884,-0.7834873
14333.31299,0.070400715,-0.64318514,-0.5919962
14337.70752,0.31933928,-0.7293563,-0.51539946
14342.25464,0.4059,-0.7059765,-0.514544
14347.32056,0.31972885,-0.6868272,-0.5241184
14351.44043,0.003768444,-0.62937975,-0.37092543
14356.20117,-0.28346825,-0.39001608,-0.18900871
14359.83276,-0.28346825,0.10786104,-0.05496502
14364.80713,-0.13985014,0.14615965,0.06950426
14369.53735,-0.06879568,-0.008515358,0.15014648
14374.87793,0.06524849,-0.19043207,0.25546646
14379.57764,0.06524849,-0.18085718,0.42780876
14385.22339,-0.001773357,0.039357662,0.5235543
14389.95361,-0.078370094,0.2404232,0.54270315
14395.32471,-0.18369007,0.3936162,0.6480236
14400.05493,-0.19835758,0.45198202,0.5708895
14405.45654,-0.14091015,0.38496017,0.5230169
14410.18677,-0.06431341,0.38496017,0.4847188
14415.19165,-0.045164585,0.33708715,0.45599508
14419.37256,-0.026015282,0.32751274,0.41769648
14423.91968,-0.0738883,0.27963972,0.27407837
14428.37525,-0.083462715,0.2700653,0.16875792
14432.52564,-0.03810501,0.2158866,0.077581406
14436.76758,-0.03810501,0.2158866,0.077581406
14439.88037,1.93E-04,0.17758846,-0.037312984
14444.12232,0.009767532,0.11056614,-0.10433531
14449.21875,-0.057254314,0.07226801,-0.123484135
14453.94898,-0.10512686,0.024395466,-0.20008087
14459.22852,-0.08597803,-0.023477554,-0.085186005
14465.17944,-0.050055027,0.013553619,-0.007296562
14469.75708,-0.05962944,0.09972477,0.107598305
14474.97559,-0.05962944,0.14759731,0.20334387
14479.88892,-0.02133131,0.07100105,0.11717272
14484.77173,0.05526495,0.042277336,0.11717272
14488.98316,0.01696682,0.09014988,0.13632202
14493.56079,0.044652462,0.19403267,0.25093508
14499.75586,0.035077572,0.2706294,0.6147685
14505.40161,0.006353855,0.261055,0.5860448
14510.00977,-0.070242405,0.19403267,0.47114992
14514.34326,-0.08939171,0.12701082,0.40412807
14519.37866,-0.070242405,0.098287106,0.20306206
14524.44458,-0.07278776,0.1322341,0.21090364
14528.80859,-0.13980961,0.18968153,0.13430691
14532.95899,-0.13980961,0.1513834,0.06728506
14537.8418,-0.091937065,0.07478666,-0.009311199
14543.18237,-0.12066078,-0.049682617,0.057710648
14548.0957,-0.082362175,-0.0209589,0.02898693
14552.82593,-0.0635767,-0.020740032,0.04121065
14557.67822,0.032168865,-0.030314922,-0.064109325
14562.95776,0.032168865,-0.001591206,0.002912521
14567.68799,-0.03485298,0.07500553,0.05078554
14571.83838,-0.14974785,-0.001591206,-0.054534912
14576.26343,-0.19762087,-0.16435862,-0.1885786
14580.04761,-0.08081198,-0.38662243,-0.18681717
14585.2356,0.29259586,-0.41534615,-0.43575573
14589.84375,0.378767,-0.26215315,-0.42618132
14595.09277,0.378767,-0.08981085,-0.407032
14599.24317,0.27344656,0.082530975,-0.30171204
14603.79028,0.20642471,0.16870213,-0.19639206
14608.24585,0.11067915,0.13997841,-0.10064602
14612.42676,-0.017683506,0.13939142,-0.032899857
14616.69922,-0.16130209,0.053220272,-0.08077288
14620.75806,-0.16130209,-0.09039831,-0.07119846
14625.82398,-0.1517272,-0.15742016,-0.07119846
14630.52368,-0.1517272,-0.15742016,-0.07119846
14633.69751,-0.08470535,-0.17656946,0.12986755
14638.67188,-0.12300348,-0.09039831,0.14901638
14643.98193,-0.17969179,-0.042773724,0.21073437
14648.80371,-0.08394623,0.21573973,0.114988804
14653.53394,-0.045648098,0.292336,0.14371252
14658.23364,-0.045648098,0.26361227,0.15328693
14662.78076,-0.05522251,0.1582923,0.10541439
14667.11426,-0.026498795,0.033823013,0.06711578
14671.26465,-0.016924381,-0.10022068,0.047966957
14674.80469,0.024115562,-0.16513157,0.157794
14680.14526,0.27305412,-0.23215342,0.08119726
14685.69946,0.234756,-0.07896042,0.17694283
14690.2771,0.05283928,0.16040373,0.12907028
14694.64111,-0.10992813,0.36146927,0.11949587
14699.49341,-0.052480698,0.38061857,0.014175415
14704.55933,-0.02379036,0.33726406,0.11955118
14708.64868,0.23472261,0.08832502,0.21529675
14712.82959,0.39749002,0.10747433,0.29189348
14717.68189,0.41663933,0.13619804,0.37806416
14722.96143,0.29217005,0.011728764,0.6174283
14727.90527,-0.08123779,-0.34252977,0.8184943
14732.6355,-0.25121593,-0.20111084,0.6857195
14737.57935,-0.39483452,-0.047917843,0.17826748
14742.76733,-0.5480275,0.06697655,-0.33875847
14747.77222,-0.41398335,0.19144583,0.034649372
14752.50244,-0.7107949,0.9861345,-0.03237295
14757.65991,-0.9884572,0.73719597,-1.2770658
14762.8479,-0.07751131,-2.5165172,-2.5680022
14767.82227,0.97569036,-2.6601353,-2.0605502
14772.70508,2.0001683,-1.5303373,-0.75841
14777.46582,2.0001683,-1.5303373,-0.75841
14782.04346,1.41612,2.1750176,1.6735277
14786.40747,0.27674723,2.9888554,1.8362961
14790.67993,-0.49879217,2.7207675,1.0511818
14793.45703,-0.8188267,1.7308822,0.0333066
14798.33984,-0.8092518,0.29469824,-0.81882954
14803.49732,-0.18690538,-1.4957447,-1.2113867
14808.31909,0.12905502,-1.4861703,-0.84755325
14812.46948,0.34926987,-1.1223369,-0.41669798
14816.77246,0.387568,-0.7010565,-0.04329014
14821.04492,0.29182243,-0.36594677,0.1769247
14825.22583,0.04369259,-0.054198265,0.10209513
14829.25415,-0.20524597,0.18516588,0.14039373
14833.40454,-0.36801338,0.2138896,0.14996815
14838.56201,-0.27226782,-0.08292198,0.3510337
14843.75,-0.052052975,-0.29356194,0.42763042
14848.63281,0.072416306,-0.35100937,0.44677973
14853.51563,0.1262722,-0.31897926,0.3083639
14858.36792,-0.14181519,0.07357788,0.23176765
14863.52539,-0.22798634,0.19804716,0.2987895
14868.2251,-0.26628447,0.2554946,0.31793833
14872.43652,-0.1896882,0.2554946,0.26049137
14876.89209,-0.1705389,0.2842183,0.23176765
14881.2561,-0.050790787,0.30857468,0.113575935
14886.23047,0.06410408,0.60538626,-0.001318455
14890.28931,0.06410408,0.60538626,-0.001318455
14893.06641,0.06410408,0.59581184,0.084852695
14897.94922,0.13112593,0.2032547,0.23804522
14903.22876,0.15027523,-0.055258274,0.113575935
14908.17261,0.07367849,-0.14142942,0.084852695
14912.90283,3.87E-04,-0.08105135,0.019893646
14917.78565,-0.066634655,-0.033178806,0.048617363
14922.54639,-0.1528058,0.1295886,0.07734108
14927.70386,-0.14323092,0.11043978,0.12521362
14931.85425,-0.12408209,0.08171606,0.08691549
14936.49292,-0.09535837,0.03384304,0.12521362
14940.70435,-0.09535837,0.024268627,0.18266106
14943.78662,-0.059846878,-0.019331455,0.12563467
14947.93701,-0.031123161,-0.03848076,0.039463997
14952.0874,-0.059846878,-0.0863533,0.020314693
14956.84815,-0.040697575,-0.12465191,-0.06585646
14961.51733,0.035898685,-0.0863533,-0.113729
14966.79688,0.045473576,-0.028905869,0.029889107
14971.55762,0.046368122,0.036283016,0.08297825
14976.40991,0.11338997,0.07458162,0.15957451
14980.98755,0.12296438,0.13202858,0.19787312
14985.04639,0.017644405,0.1607523,0.05425453
14989.13574,0.017644405,0.1607523,0.05425453
14993.2251,-0.14512348,0.05543232,0.006381512
14997.52808,-0.14512348,0.05543232,0.006381512
15001.70899,-0.04620886,0.066048145,-0.11462736
15006.34766,-0.103655815,0.056473255,0.4215479
15010.34546,-0.18982697,0.18094254,0.49814463
15013.12256,-0.19940186,0.286263,0.51729345
15018.12744,-0.19940186,0.286263,0.51729345
15022.82715,-0.16110325,0.41073227,0.27792978
15028.13721,-0.34301996,0.20009184,0.05771494
15032.89795,-0.10147238,-0.58304644,-0.4322257
15037.68921,-0.10147238,-0.58304644,-0.4322257
15042.29736,0.41555405,-0.5351734,-0.48967314
15047.63794,0.57832146,-0.25751114,-0.4322257
15052.4292,0.25278616,0.2595153,-0.1354146
15057.34253,0.080444336,0.30738783,-0.030094147
15062.01172,0.054606438,0.3557663,0.074614525
15067.32178,0.045032024,0.37491512,0.05546522
15071.92993,0.025882721,0.25044584,0.017167091
15076.84326,0.035457134,0.13555098,0.036316395
15081.48193,0.035457134,0.13555098,0.036316395
15086.88355,-0.031564713,-0.09423828,0.14163637
15091.52222,0.022193432,0.049821377,0.12365675
15096.40503,-0.08312702,0.21258926,0.16195488
15101.07422,-0.08312702,0.21258926,0.16195488
15104.79736,-0.15014887,0.15514183,0.21940231
15109.49707,-0.13099957,0.08811998,0.25770044
15114.44092,-0.11185074,0.12641811,0.28642416
15119.17114,-0.035254,0.15514183,0.28642416
15124.51172,0.027153969,0.24199247,0.2161088
15129.02832,-0.068591595,0.26114178,0.18738508
15133.78906,-0.020719051,0.2994399,0.34057808
15138.45825,0.027153969,0.34731293,0.43632364
15142.60864,0.0846014,0.32816362,0.5129199
15147.36939,0.0846014,0.20369434,0.27355623
15151.61133,-0.011350632,0.30581427,0.19740295
15155.94483,-0.11667061,0.27709055,0.22612667
15159.97315,-0.11667061,0.27709055,0.22612667
15163.14697,0.055671215,-0.20163727,0.2739997
15168.09082,0.07482052,-0.4122777,0.20697737
15172.82105,0.03652239,-0.5271721,0.09208298
15177.79541,-0.08794689,-0.5271721,-0.31004858
15182.61719,-0.25596,-0.26897097,-1.2471809
15187.95776,-0.2463851,-0.26897097,-1.5727162
15192.62695,-0.2463851,-0.39344025,-1.3525014
15197.63184,-0.43787622,0.16188431,0.06453371
15202.36206,-0.77298594,0.40124798,-0.8450494
15206.20728,0.11744833,-2.4902692,-2.5205977
15210.9375,0.1023469,-2.6828866,-2.6665623
15215.9729,1.4140615,-2.4147987,-0.75165033
15220.64209,1.4140615,-2.4147987,-0.75165033
15224.48731,1.4619341,1.2809815,1.8334808
15229.18701,0.5715003,2.5065253,2.2068892
15234.03931,-0.25191212,2.6118453,1.5845423
15239.01367,-0.78808737,1.7788587,0.44516993
15243.71338,-0.7754607,-0.5564723,-1.1318107
15249.11499,-0.35418034,-1.2075424,-1.2179818
15253.8147,0.07667494,-1.3990335,-0.93074465
15258.75855,0.45965767,-1.2649899,-0.5669117
15263.58032,0.44050837,-0.4415779,-0.17435455
15269.04297,0.15327168,0.09459782,-0.09775829
15273.74268,-0.35127687,0.68029785,0.19069672
15278.56445,-0.35127687,0.68029785,0.19069672
15283.44727,-0.24595642,0.5558286,0.44921017
15288.90991,-0.03531599,0.24944258,0.54495573
15293.67066,0.10830212,-0.0282197,0.44921017
15298.70606,-0.025741577,0.038802147,0.468359
15303.40576,-0.096334934,0.13299084,0.36589575
15308.80737,-0.20165539,0.24788523,0.2988739
15313.65967,-0.16335726,0.3627801,0.24142647
15318.32886,-0.16335726,0.32448196,0.2988739
15322.44873,-0.16335726,0.32448196,0.2988739
15325.8667,-0.07718611,0.21916199,0.36589575
15330.10864,-0.010164261,0.20001268,0.3084483
15332.88574,0.05160427,0.251184,0.26038074
15337.70752,-0.015417576,0.2894826,0.26038074
15342.40723,-0.015417576,0.2894826,0.26038074
15346.28296,-0.034566402,0.299057,0.25080633
15350.43335,-0.034566402,0.299057,0.25080633
15353.21045,-0.06329012,0.1267147,0.1933589
15357.57446,-0.053715706,0.030969143,0.12633705
15361.81641,-0.025694847,0.028094769,0.10323572
15365.20386,-0.03526926,-0.08679962,0.06493759
15369.29321,-0.102291584,-0.12509823,0.12238455
15373.47412,-0.102291584,-0.17297077,0.17025757
15377.96021,-0.04484415,-0.24956751,0.15110826
15382.1106,-0.04484415,-0.24956751,0.15110826
15385.49805,-0.12144041,-0.14424706,0.14153385
15389.64844,-0.03526926,-0.11552334,0.23727942
15393.89038,0.012248516,-0.069563866,0.32695293
15398.19336,0.050546646,0.054905415,0.2599311
15402.31323,0.050546646,0.054905415,0.2599311
15406.00586,0.02182293,0.08362913,0.039716244
15410.85816,0.002674103,0.035756588,-0.08475304
15414.88648,-0.006900787,-0.050414562,-0.11347675
15419.70825,0.003459454,-0.15612984,-0.15265751
15424.71314,-0.006115437,-0.23272657,-0.20053053
15429.90112,-0.034839153,-0.18485355,-0.23882866
15434.90601,-0.05398798,-0.10825729,-0.4398942
15439.0564,-0.05398798,-0.01251173,-0.46861792
15444.12232,-0.09228659,0.10238314,-0.42074537
15448.88306,-0.006115437,0.044935703,-0.68883276
15453.03345,0.037649155,-9.23E-04,-0.009279251
15457.33643,0.085522175,0.08524847,0.5173216
15461.51733,0.085522175,0.08524847,0.5173216
15465.17944,-0.10596895,0.26716518,0.6705146
15469.90967,-0.16341639,0.09482288,0.3641286
15474.88403,-0.09639454,-0.10624266,0.2588086
15479.70581,0.011860848,-0.24392462,0.12688255
15484.64966,0.32782125,-0.11945534,0.27050114
15489.74609,0.3948431,0.07203579,0.26092672
15494.75098,0.2416501,0.28267622,0.20347929
15499.45068,0.031009674,0.38799667,0.2130537
15504.39453,-0.208354,0.4071455,0.050286293
15509.67407,-0.22565079,0.3860526,-0.08812237
15514.64844,-0.22565079,0.3573289,-0.116846085
15519.25659,-0.16820335,0.21371031,-0.13599491
15524.87183,-0.053308487,-0.044802666,-0.15514421
15529.20532,-0.043734074,-0.05437708,-0.09769678
15533.26416,0.004138947,-0.016078949,-0.05939865
15537.53662,-0.015010357,0.03179407,-0.030674934
15544.37256,0.04984474,0.18013287,0.01611042
15548.91968,0.07856846,0.20885658,0.09270668
15553.03955,0.07856846,0.21843147,0.15972853
15558.04443,0.15516472,0.22800589,0.23632526
15562.77466,0.15516472,0.29502773,0.17887783
15566.58936,0.059419155,0.29502773,0.24589968
15571.28906,0.06260252,0.31379414,0.25824785
15576.23291,-0.042717457,0.20847416,0.35399342
15580.93262,-0.10016489,0.14145184,0.37314272
15585.32715,-0.042717457,0.14145184,0.40186644
15590.02686,-0.08101559,0.18932486,0.45931387
15594.42139,-0.09059048,0.26592112,0.35399342
15598.6023,0.02430439,0.24677229,0.22952414
15602.72217,0.12487984,0.2267189,0.30387163
15607.48291,0.12487984,0.2267189,0.30387163
15611.57227,0.25892353,0.054376602,0.5911083
15616.30249,0.34509468,-0.060518265,0.61983204
15621.06323,0.28764725,-0.13711452,0.5049372
15626.12915,-0.25810242,-0.37647867,-0.27060223
15631.31714,-0.44711018,-0.39289188,-0.812438
15636.19995,-0.46625948,-0.5460849,-1.5592537
15640.93018,-0.3417902,-0.7567253,-2.07628
15645.93506,-0.10242605,-0.94821644,-2.1624513
15651.12305,-1.0311584,0.44966936,-1.3486137
15656.25,-0.9258385,-1.3216243,-2.928416
15659.79004,-0.42217398,-3.4032044,-4.909419
15664.97803,-0.039191246,-4.351086,-4.1721783
15670.01343,1.215076,-3.8819327,-2.1615205
15675.07935,2.6225362,1.3170533,2.1661806
15679.80957,1.5597601,3.13622,2.9800186
15684.81445,0.123576164,3.5192022,2.3768215
15690.15503,-1.0350118,2.7391272,1.0787988
15695.06836,-1.3605468,-0.35345554,-0.5967493
15699.67651,-0.6520295,-1.3109117,-0.67334604
15704.83399,0.085211754,-1.5502758,-0.52015305
15709.3811,0.6309619,-1.2534642,-0.2807889
15713.5315,0.69798374,-0.16196442,0.044745922
15717.89551,0.34372473,0.25931597,0.21708822
15722.13745,-0.07734442,0.56977034,0.32300377
15727.29492,-0.45075226,0.7708359,0.47619677
15731.93359,-0.632669,0.8187089,0.552793
15736.90796,-0.3550067,0.46444988,0.74428463
15741.05835,-0.3550067,0.46444988,0.74428463
15745.4834,-0.09649372,0.24423504,0.8304553
15748.68775,-7.48E-04,-0.004703522,0.6198149
15752.92969,-0.0606308,-0.025268078,0.40453768
15757.2937,-0.0606308,-0.025268078,0.40453768
15761.41358,-0.09892893,0.18537188,0.3087921
15766.23535,-0.2138238,0.5492053,0.22262096
15771.54541,-0.2329731,0.66410017,0.2896428
15776.55029,-0.18510008,0.7119727,0.2800684
15781.28052,-0.1588378,0.59868383,0.210114
15786.2854,-0.005644798,0.4071927,0.32500887
15791.41235,0.003929615,0.34017086,0.39203072
15796.29517,-0.024794102,0.23485088,0.48777628
15800.47608,-0.024794102,0.23485088,0.48777628
15804.96216,-0.024794102,0.16782904,0.29628515
15809.63135,-0.034368515,0.12953043,0.21968889
15813.81226,0.007437706,0.09252167,0.11812973
15818.08472,-0.002136707,0.044648647,0.08940601
15822.26563,-0.011711121,-0.06067133,0.17557716
15827.14844,-0.02128601,-0.12769318,0.24259901
15832.33643,-0.040434837,-0.22343874,0.17557716
15837.40234,-0.040434837,-0.19471502,0.03195858
15842.13257,-0.052722454,-0.17498493,0.011032581
15846.95435,-0.1388936,-0.06966448,0.068480015
15852.20337,-0.07187176,0.064379215,0.3557167
15857.05567,0.014299393,0.15055037,0.40358973
15861.23657,-0.004849911,0.14097595,0.40358973
15865.60059,-0.004849911,0.08352852,0.3557167
15869.4458,-0.04314804,0.0356555,0.326993
15873.80982,-0.07232332,-0.024895191,0.29119253
15879.15039,-0.06274891,-0.11106634,0.2624688
15883.88062,0.061720848,0.042126656,0.061402798
15888.91602,0.052145958,0.15702152,-0.04391718
15893.46314,-0.005301476,0.13787222,-0.05349207
15897.97974,-0.043599606,0.13787222,-0.120513916
15902.58789,-0.09191942,0.099561214,-0.13043451
15906.86035,-0.111068726,-0.0823555,-0.29320192
15911.43799,-0.111068726,-0.0823555,-0.29320192
15915.83252,-0.063195705,-0.19725037,-0.47511864
15920.25757,0.08999729,-0.2546978,-0.2644782
15922.9126,0.15701914,-0.15895224,-0.053837776
15927.61231,0.15701914,-0.15895224,-0.053837776
15931.70166,0.07418203,-0.0591197,-0.048757076
15936.40137,-0.1268835,-0.29848337,-0.2210989
15940.979,-0.02156353,-0.40380383,-0.2210989
15945.25147,0.13162947,-0.40380383,-0.2402482
15949.73755,0.23694992,-0.27933455,-0.23067379
15953.97949,0.3614192,-0.039970398,-0.2402482
15958.28247,0.2082262,0.36216116,0.056563377
15962.37183,0.21188307,0.37747955,0.06535387
15966.64429,0.001242638,0.24343586,-0.001668453
15971.03882,0.001242638,0.24343586,-0.001668453
15975.67749,0.001242638,0.24343586,-0.001668453
15978.8208,-0.13280106,-0.034226418,-0.250607
15981.93359,-0.06577921,-0.08209944,-0.30805397
15986.90796,-0.094502926,-0.062950134,-0.31762886
15992.0044,-0.007111073,0.009346008,-0.30974674
15996.85669,0.021612644,0.10509157,-0.28102303
16001.49536,0.012037754,0.04764414,-0.17570305
16006.37817,0.012037754,0.06679344,-0.05123377
16010.83374,0.012037754,0.05721903,0.25515223
16015.16724,0.05033636,0.085942745,0.30302525
16017.97485,0.04076147,0.124240875,0.45621824
16022.06421,0.04284668,0.13471317,0.4626088
16026.64185,-0.005025864,0.11556387,0.5200558
16031.73828,-0.03374958,0.12513876,0.6062269
16036.56006,-0.0816226,0.07726574,0.5487795
16040.64942,-0.052898884,0.07726574,0.5966525
16045.71533,0.023697853,0.14428759,0.5966525
16050.29297,-0.05708742,0.30527925,0.6099863
16054.77905,-0.06666231,0.46804667,0.5621133
16059.29566,-0.05708742,0.62123966,0.7344556
16065.979,-0.028363705,0.77443266,0.7631793
16070.49561,-0.037938595,0.8797531,0.696157
16074.79858,-0.22942972,0.8414545,0.16955614
16078.88794,-0.3251753,0.5446434,-0.19427681
16083.06885,-0.38455963,0.13494396,-0.650023
16087.40234,-0.30796337,-0.382082,-1.1574745
16091.85791,-0.24094152,-0.65974426,-1.5404572
16096.71021,-0.40370893,0.33600998,-0.2000184
16101.3794,-0.6813712,0.32643557,-0.8415141
16106.26221,-0.6813712,0.32643557,-0.8415141
16111.35864,-0.19795275,-2.0285163,-3.2094016
16114.83765,0.3286481,-2.3923492,-2.2136474
16119.53735,1.353126,-2.0763888,-0.365757
16124.57275,2.1956873,-0.8029723,1.2906418
16129.36401,1.0850382,1.6959879,2.2576728
16133.45337,0.012687683,1.4853475,1.4917073
16137.75635,-0.8585973,0.69065905,0.3619094
16141.90674,-1.1934571,-0.053046703,-0.370749
16146.63696,-1.0498385,-0.61794615,-0.61968756
16151.7334,-0.073233604,-0.8285861,-0.35160017
16156.55518,0.2810254,-0.77113914,-0.29415274
16160.64453,0.2810254,-0.77113914,-0.29415274
16163.39111,0.31932354,-0.5222006,-0.2558546
16167.81616,0.18527937,-0.34028387,-0.24627972
16172.27173,-0.2381463,0.13126755,-0.026797771
16176.94092,-0.2381463,0.13126755,-0.026797771
16181.57959,-0.104102135,0.3993554,0.12639523
16186.43189,0.010792255,0.3802061,0.040224075
16189.91089,0.0778141,0.22701311,0.088097095
16194.03076,0.10653782,0.073820114,0.11682081
16198.36426,0.08738899,-0.02192545,0.14554453
16202.45361,0.07003403,-0.03673458,0.10809517
16206.75659,0.012586594,0.0877347,0.06979704
16209.80835,0.00301218,0.16433144,0.050647736
16213.98926,-0.025711536,0.23135328,0.060222626
16218.99414,-0.054435253,0.260077,0.15596819
16223.66333,-0.054435253,0.21220398,0.17511702
16228.57666,0.031735897,0.16433144,0.08894634
16233.76465,0.01772213,0.17101955,0.003136158
16238.46436,0.05602026,0.14229584,-0.025587559
16243.16406,0.05602026,0.056124687,0.031859875
16247.95532,0.00814724,-0.14494085,0.041434288
16252.41089,0.027296543,-0.17366457,0.031859875
16256.7749,-0.039725304,-0.20238829,0.108456135
16260.86426,-0.016397,-0.12656164,0.080652714
16265.25879,-0.016397,-0.12656164,0.080652714
16268.24951,-0.05469513,-0.07868862,0.10937643
16272.36939,-0.12171745,-0.10741234,0.09980202
16277.22168,-0.083418846,-0.2223072,0.09022713
16282.01294,0.012326717,-0.32762718,-0.034242153
16286.83472,0.031475544,-0.32762718,-0.13956213
16290.37476,0.02362299,-0.30223846,-0.2945447
16295.28809,-0.01467514,-0.28308916,-0.33284283
16299.86572,-0.072122574,-0.25436544,-0.572207
16304.71802,-0.01467514,-0.23521614,-0.64880323
16309.84497,-0.024249554,-0.17776918,-0.6105051
16314.72778,0.052346706,-0.091598034,-0.4285884
16319.39697,0.10979414,-0.07244873,-0.2945447
16324.06616,0.19225359,-0.06633997,-0.20348501
16328.97949,0.13480616,0.01983118,-0.002418995
16334.04541,0.05820942,0.08685303,0.1316247
16338.56201,0.029485703,0.22089672,0.4667344
16342.49878,-0.08540869,0.27834415,0.5912037
16346.67969,-0.08540869,0.27834415,0.5912037
16349.57886,-0.18115425,0.28791857,0.71567297
16353.42407,-0.18751335,0.31577492,0.9454646
16357.51343,-0.2641096,0.2679019,1.0316358
16361.48071,-0.24496031,0.22960377,0.9263153
16365.53955,-0.3885789,0.20088005,0.7156749
16368.53027,-0.4173026,0.15300703,0.19864893
16372.40601,-0.32155704,-0.00976038,-0.031140804
16376.37329,-0.17793846,-0.028909206,0.37099075
16379.82178,0.13802195,0.095560074,0.6295042
16383.88062,0.21746492,0.29021168,0.67341375
16388.18359,-0.18466663,0.28063726,0.64469004
16392.05933,-0.36658335,-0.08319616,0.21383476
16395.87402,-0.2804122,-0.53320074,-0.08297682
16399.59717,-0.05062294,-0.76299,-0.4946828
16403.53394,0.21746492,-0.83958673,-0.73404694
16408.23364,0.40895605,-0.6289463,-1.0212836
16412.81128,0.51099205,-0.27575874,-0.9862218
16417.14478,0.5588646,0.04020214,-0.91919994
16421.1731,0.49184275,0.26041698,-0.5745158
16425.62866,0.49184275,0.26041698,-0.5745158
16428.74146,0.31950092,0.2891407,-0.44047213
16432.86133,0.05141306,0.2699914,-0.16280985
16437.16431,-0.044332504,0.30828953,-0.03834057
16441.25366,-0.054889202,0.41870832,0.019711494
16445.64819,-0.054889202,0.41870832,0.019711494
16448.63892,-0.13148546,0.5431776,0.08673334
16452.72827,-0.11233616,0.61977386,0.08673334
16457.55005,-0.026165485,0.5336027,0.029286385
16462.28027,0.031281948,0.35168648,-0.028161049
16467.22412,0.031281948,0.35168648,-0.028161049
16470.79468,0.044714928,0.07657671,0.027032852
16475.70801,0.025565624,0.057427883,0.122778416
16480.25513,0.015991211,0.12444973,0.2472477
16483.36792,0.035140514,0.17232227,0.4291644
16488.61694,0.16918421,0.2297697,0.4483137
16493.19458,0.08301306,0.057427883,0.41959
16497.46704,0.09258747,-0.12448883,0.4387393
16501.5564,0.074691296,-0.11907053,0.45626307
16506.19507,0.074691296,-0.11907053,0.45626307
16509.70459,-0.040203094,-0.15736866,0.6286049
16514.73999,-0.040203094,-0.09034681,0.54243374
16518.85986,0.026818752,0.0724206,0.3509426
16522.94922,-0.011479378,0.31178474,-0.15650892
16528.77808,-0.26999283,0.46497774,-0.9511976
16533.29468,-0.4661765,0.31036615,-1.2165742
16537.5061,-0.40872908,0.023129463,-1.2931709
16541.6565,-0.26511097,-0.26410723,-0.7952938
16546.3562,-0.26511097,-0.26410723,-0.7952938
16549.92676,-0.69596577,0.43483543,0.52599573
16554.80957,-0.38958025,-0.93432665,-0.41231108
16559.50928,-0.4853258,-1.9109316,-1.5516839
16564.39209,-0.5282283,-2.0315037,-1.6134167
16568.93921,1.8845611,-1.1123462,0.5312848
16574.34082,2.1622233,0.22809267,1.4121447
16579.01001,1.5207276,1.3291669,1.890872
16583.64868,-0.27928972,1.501509,1.4504423
16588.65357,-0.27928972,1.501509,1.4504423
16592.22412,-0.9449682,0.7684169,0.7737098
16597.01538,-1.0790119,-0.9645786,-0.25076818
16601.62354,-0.7151785,-1.2709646,-0.5380049
16606.47583,-0.19815254,-1.1273465,-0.7582197
16609.68018,0.117807865,-0.8018112,-0.94013643
16613.76953,0.37632132,-0.49542522,-1.0741806
16618.07251,0.40504503,-0.3135085,-1.1699262
16622.28394,0.28351212,-0.13244057,-1.1559577
16626.5564,0.20691538,0.039901257,-1.021914
16629.57764,0.09202099,0.19309425,-0.8591466
16633.66699,0.072871685,0.32713795,-0.63893175
16638.70239,0.111169815,0.1069231,-0.2463746
16643.37158,0.120744705,-0.036695004,-0.19850206
16648.34595,0.04414797,-0.19946289,-0.10275602
16653.62549,0.06905031,-0.26405478,-0.100002766
16658.47778,0.011602879,-0.101287365,0.10106325
16663.17749,0.021177769,-0.015116215,0.23510695
16668.0603,-0.036269665,0.03275633,0.3308525
16673.33984,-0.026695251,0.071054935,0.43617296
16678.25317,0.002028465,0.12850189,0.41702366
16682.9834,0.036420822,0.13022232,0.39165783
16687.92725,-0.001877308,0.11107302,0.42038155
16693.08472,-0.040175438,0.101498604,0.3437848
16697.75391,-0.14549589,-0.00382185,0.31506157
16701.9043,-0.116772175,-0.28148413,0.19059229
16706.35986,-0.116772175,-0.28148413,0.19059229
16710.51025,-0.14549589,-0.29105854,0.06612301
16713.65357,-0.14637375,-0.2801261,-0.1738782
16717.86499,-0.26126862,-0.18438053,-0.4802642
16722.10693,-0.20382118,-0.16523123,-0.53771114
16726.80664,-0.20382118,-0.16523123,-0.53771114
16731.99463,0.035542965,-0.19395494,-0.71005344
16737.1521,0.0929904,-0.14608192,-0.652606
16741.85181,0.27457762,0.11118698,-0.22213125
16746.88721,0.27457762,0.11118698,-0.22213125
16752.10571,0.30330133,0.40799809,0.3236184
16756.92749,0.20755577,0.4750204,0.6491537
16761.07788,0.092660904,0.5803404,0.9076667
16765.65552,-0.031808376,0.6282129,1.0417104
16769.47022,-0.15627766,0.6377878,1.1661797
16774.01733,-0.23187447,0.5355654,0.98341894
16778.86963,-0.2797475,0.4206705,0.66745853
16783.56934,-0.24144936,0.2579031,0.26532698
16789.67285,-0.002085209,-0.086781025,0.41851997
16794.46411,0.08408594,-0.010184765,0.4568181
16798.64502,-0.1361289,0.09513569,0.4472437
16802.91748,-0.40122843,0.06519127,0.0798707
16809.69238,-0.3629303,-0.43268585,-0.41800642
16815.36865,-0.20016289,-0.55715513,-0.46587896
16819.97681,0.18281937,-0.55715513,-0.39885712
16824.27979,0.4221835,-0.44226027,-0.35098457
16829.40674,0.28813982,0.017318726,-0.2360897
16834.04541,0.1507268,0.12632418,-0.11130047
16838.25684,0.03583193,0.1646223,-0.11130047
16842.43775,-0.050339222,0.17419672,-0.14959908
16847.29004,-0.06948805,0.17419672,-0.08257723
16852.11182,0.007108212,0.11674976,-0.14002419
16857.48291,0.08370495,0.145473,-0.101726055
16862.21314,0.06844711,0.24037361,0.048116207
16867.1875,-0.008149147,0.24037361,0.14386177
16871.82617,0.02057457,0.2116499,0.2013092
16876.92261,0.02057457,0.2116499,0.2013092
16880.92041,-0.036872864,0.09675503,0.2013092
16885.31494,-0.036872864,0.09675503,0.2013092
16888.00049,-0.056022167,0.020158768,0.1821599
16892.33399,-0.069609165,0.003579617,0.16098595
16896.57593,-0.012161732,0.013154507,0.0748148
16900.72632,0.064435005,-0.053867817,-0.13582563
16903.50342,0.102733135,-0.11131477,-0.2507205
16907.19605,0.102733135,-0.13046408,-0.27944422
16911.34644,0.054860115,-0.14003849,-0.34646606
16916.25977,0.12188244,0.02272892,-0.32731676
16920.44067,0.12188244,0.02272892,-0.32731676
16923.21777,0.1153388,0.053936005,-0.18894911
16928.07007,0.0961895,0.14010715,0.031265736
16933.28858,0.010018349,0.26457644,0.20360804
16937.95776,0.019593239,0.33159828,0.414248
16942.10816,0.07704067,0.3411727,0.53871727
16946.5332,0.17278624,0.26457644,0.67276144
16950.77515,0.19153357,0.29900694,0.84004354
16955.74951,0.08621359,0.28943253,0.84004354
16960.38818,0.12451172,0.2798581,0.6389775
16963.56201,-0.13400173,-0.06482601,-0.07911444
16968.2312,-0.32549286,-0.35206318,-0.586566
16972.77832,-0.411664,-0.6871724,-1.046145
16977.11182,-0.363791,-0.92653656,-1.505724
16981.81152,-0.33068132,-0.99409056,-1.251574
16987.18262,-0.34983063,-0.23769999,0.3952508
16991.82129,-0.5700455,0.60486126,-0.8590169
16997.19238,-0.27323437,-1.1760068,-2.1324334
17002.22778,-0.23493576,-1.3291998,-1.7015781
17006.68335,0.5884762,-1.156858,-0.8302932
17010.89478,1.7716918,0.3818493,0.7355089
17015.99121,1.7716918,0.3818493,0.7355089
17020.05005,0.5365739,1.6265421,1.6259427
17022.82715,-0.095347404,1.4159017,1.491899
17027.64893,-0.095347404,1.4159017,1.491899
17032.86743,-0.76556635,0.19993258,-0.0879035
17037.81128,-0.8230138,-0.3841157,-0.6623769
17042.5415,-0.32454395,-0.6935992,-0.753366
17047.51587,-0.32454395,-0.6935992,-0.753366
17052.15454,0.3648243,-0.5116825,-0.38953257
17057.58667,0.393548,-0.38721323,-0.3129363
17062.3169,0.06801319,-0.09040165,-0.1501689
17067.38281,0.06801319,-0.09040165,-0.1501689
17072.11304,-0.23781109,0.15233898,0.00489521
17077.4231,-0.2282362,0.16191387,0.25383377
17082.24487,-0.046319485,0.018295288,0.4644742
17087.12769,-0.046319485,0.018295288,0.4644742
17091.85791,0.03985119,-8.54E-04,0.50277233
17097.38159,-0.046319485,0.16191387,0.38787794
17102.0813,-0.037875175,0.12886667,0.3567238
17107.05567,-0.07617378,0.15759039,0.26097822
17111.72485,-0.047450066,0.15759039,0.24182892
17117.12647,-0.009151936,0.1863141,0.1939559
17121.27686,0.029146671,0.25333595,0.15565777
17125.67139,0.029146671,0.3395071,0.18438148
17128.57056,0.038721085,0.36823034,0.22267962
17133.11768,-0.065191746,0.27910614,0.24603319
17137.96997,-0.08434105,0.23123312,0.15986204
17142.63916,-0.103489876,0.15463686,0.1119895
17147.43042,-0.08434105,0.049316883,0.025818348
17152.34375,0.001830101,-0.13259983,-0.031629086
17157.25708,-0.03646803,-0.2570691,-0.31886578
17161.83472,0.030644417,-0.28728914,-0.3078122
17166.10718,0.01149559,-0.26813984,-0.2599392
17170.16602,0.01149559,-0.26813984,-0.2599392
17173.30933,0.08809185,-0.20111799,-0.21206665
17178.34473,0.04979372,-0.18196869,-0.21206665
17183.07495,0.001921177,-0.18196869,-0.26951408
17188.0188,0.030644417,-0.20111799,-0.40355778
17192.74902,0.008674145,-0.2906909,-0.58786106
17198.15064,0.06612158,-0.2811165,-0.56871176
17202.81983,0.056547165,-0.18537092,-0.40594435
17207.73316,0.10441971,-0.08005047,-0.1857295
17212.55493,0.22888899,0.13058949,0.21640205
17217.98706,0.07569599,0.18803692,0.39831877
17222.71729,0.001271248,0.23513365,0.63124275
17227.69165,-0.0657506,0.18726063,0.62166786
17232.42188,-0.22851801,0.19683552,0.5259223
17237.854,-0.33383846,0.1681118,0.3918786
17242.55371,-0.32426357,0.18726063,0.3727293
17247.61963,-0.34341288,0.17768621,-0.067700386
17252.34985,-0.13961983,0.05670929,0.04531479
17257.72095,0.01357317,0.037559986,0.4953189
17262.51221,0.08059502,0.10458183,0.5527663
17267.42554,-0.17791843,0.10458183,0.58149004
17272.15576,-0.2640891,-0.15393114,0.24638033
17276.12305,-0.23536539,-0.46031713,-0.07915449
17280.82275,-0.09160471,-0.6530566,-0.46392965
17285.73608,0.35839987,-0.51901245,-0.8277626
17291.80908,0.5211673,-0.26049948,-0.8277626
17297.45483,0.502018,0.23737764,-0.6745696
17302.15454,0.27222872,0.38099623,-0.47350407
17307.09839,0.09988642,0.41929436,-0.29158735
17311.92017,-0.04878378,0.48329592,-0.03867531
17315.7959,-0.18282747,0.5024452,0.104943275
17320.43457,-0.20197678,0.4449978,0.18153954
17323.6084,-0.16367817,0.25350666,0.21983814
17328.61328,-0.16367817,0.25350666,0.21983814
17333.34351,-0.13495445,0.052440643,0.21026325
17338.77564,-0.08708191,-0.04330492,0.24856186
17343.62793,0.09406042,-0.10985899,0.2973914
17348.41919,0.12278414,-0.042837143,0.23036957
17353.1189,0.05576229,-0.042837143,0.19207144
17358.30689,0.046187878,0.033759117,0.16334772
17362.45728,-0.001685143,0.110355854,0.17292213
17366.82129,-0.011259556,0.21567583,0.096325874
17370.94116,-0.011259556,0.21567583,0.096325874
17374.42017,-0.01595354,0.27972078,0.097578526
17378.38745,-0.035102844,0.33716822,-0.007741928
17382.53784,0.11809015,0.24142265,0.41353893
17387.45117,0.17553759,0.1361022,0.57630634
17392.24243,0.25213385,-0.017090797,0.49971008
17397.64404,0.23298502,-0.24688005,0.3465171
17402.37427,0.048894405,-0.25127268,0.27253866
17407.37915,0.010595799,-0.25127268,0.1576438
17412.07886,-0.06600046,-0.32786894,0.1767931
17417.41943,-0.09472418,-0.4140401,0.09062195
17422.14966,-0.13302231,-0.4044652,-0.55087376
17427.15454,-0.2957902,-0.30871964,-0.9242816
17431.88477,-0.32439852,-0.34226322,-0.92887926
17437.28638,-0.2956748,-0.21779394,-1.522502
17441.98608,-0.18077993,-0.112473965,-0.61291885
17446.92993,-0.46801662,0.4619999,-0.04801941
17451.66016,-0.46801662,0.4619999,-0.04801941
17455.47485,-0.018012524,-1.2422719,-1.2831378
17460.29663,-7.84E-04,-2.2911901,-2.455616
17465.271,0.76518106,-2.0135279,-1.2587962
17469.90967,1.7034879,-0.9411769,0.25398445
17475.43335,1.4162512,2.0748096,1.7954884
17480.16358,0.44922066,2.783327,1.5848484
17485.10742,-1.1210074,1.5865068,0.005045891
17489.86817,-1.1051111,1.6759219,0.060347557
17495.33081,-1.1434093,-0.46877956,-0.6768937
17500,-0.5880847,-1.1294241,-0.73434067
17504.97437,0.38852024,-1.2826171,-0.70561695
17509.70459,0.38852024,-1.2826171,-0.70561695
17514.64844,0.42681885,-0.74644184,-0.42795515
17519.83643,0.31491423,-0.43400478,-0.27030134
17524.90234,-0.11594105,0.3128109,0.11268091
17529.5105,-0.11594105,0.3128109,0.11268091
17534.45435,-0.068068504,0.37983274,0.4190669
17539.79492,0.046826363,0.1596179,0.51481247
17544.67774,0.11384821,-0.031873226,0.4190669
17549.40796,0.11384821,-0.031873226,0.4190669
17554.41284,-0.061857224,0.059862614,0.24213982
17559.47876,-0.1671772,0.22263002,0.30916214
17564.45313,-0.23419905,0.3183756,0.3857584
17569.15283,-0.23419905,0.3183756,0.3857584
17574.00513,-0.08100605,0.3375249,0.48150396
17579.40674,-0.09058094,0.41412163,0.44320583
17584.3811,-0.048694134,0.38378668,0.2921543
17589.08081,-0.048694134,0.38378668,0.2921543
17593.84155,-0.019970417,0.010378361,0.004917145
17599.24317,-0.03911972,-0.14281416,-0.0429554
17604.09546,-0.048694134,-0.22898531,-0.004657269
17609.03931,-0.03911972,-0.14281416,-0.25359583
17613.76953,-0.101919174,-0.079639435,-0.39076805
17619.04907,-0.15936661,-0.117937565,-0.54396105
17623.93189,-0.14979172,-0.21368313,-0.6397066
17628.479,0.012975693,-0.40517426,-0.72587776
17632.59888,0.012975693,-0.40517426,-0.72587776
17636.07788,0.15659428,-0.42432356,-0.52481174
17640.22827,0.15659428,-0.42432356,-0.52481174
17643.00537,0.20446682,-0.328578,-0.38119364
17647.94922,0.1948924,-0.09878826,0.26987648
17652.771,0.21869326,-0.13573647,0.22620869
17656.61621,0.16124582,0.074903965,0.43684912
17661.16333,-0.011096478,0.37171507,0.95387554
17666.07666,-0.12599087,0.4195881,1.0879192
17670.04395,-0.1834383,0.43873692,1.260261
17674.6521,-0.22173643,0.4100132,1.2123885
17679.22974,-0.14514017,0.2951188,1.1357923
17683.38013,-0.22535276,0.08643389,0.69823265
17688.62915,-0.2923751,-0.009311676,0.4492941
17693.32886,-0.22535276,-0.12420654,0.20993042
17698.42529,-0.21577835,-0.14335585,0.056737423
17702.57568,-0.20620394,-0.12420654,-0.07730675
17707.06177,-0.15833092,-0.12420654,-0.25922298
17711.21216,-0.15833092,-0.12420654,-0.25922298
17714.56909,-0.04578972,-0.0472064,-0.70135355
17718.53638,0.011657715,-0.018482685,-0.7492261
17722.83936,0.011657715,-0.14295197,-0.4332657
17727.69165,0.22229815,-0.20997429,-0.3183713
17732.45239,0.32761812,-0.2195487,-0.28964758
17737.94556,0.4616623,-0.13337755,-0.41411686
17742.67578,0.39799356,0.03574705,-0.47712183
17747.61963,0.2926736,0.1027689,-0.40052557
17752.28882,0.13948059,0.093194485,-0.20903444
17757.50733,0.072458744,0.093194485,-0.15158701
17761.65772,0.043735027,0.093194485,-0.1420126
17766.08276,-0.013712406,0.06447077,-0.017543316
17770.32471,-0.052010536,0.03574705,-0.007968426
17774.78027,-0.008433819,0.057515144,-0.06778908
17779.90723,-0.018008232,0.095813274,-0.13481092
17785.12573,-0.056306362,0.1341114,-0.16353464
17789.27612,-0.08503008,0.15326071,-0.08693838
17794.67774,-0.075455666,6.77E-05,-0.010341644
17799.28589,-0.075455666,6.77E-05,-0.010341644
17803.89404,-0.043509007,-0.11544037,-0.054019928
17808.86841,-0.0052104,-0.18246222,-0.121041775
17814.84985,0.013938427,-0.22076035,-0.14976549
17819.88525,0.02351284,-0.21118593,-0.06359434
17824.03565,0.042662144,-0.105865955,-0.006146908
17828.39966,0.004364014,0.03775263,-0.006146908
17834.44214,0.118450165,0.19624281,0.036586285
17839.72168,0.19504642,0.14837027,0.046160698
17843.87207,0.26206827,0.15794468,-0.001711845
17848.93799,0.27164316,0.22496653,0.06531
17854.79736,0.032279015,0.35901022,0.3812704
17860.07691,-0.08757067,0.2640834,0.41410875
17865.11231,-0.077996254,-0.23379374,0.1651702
17869.81201,-0.15459299,-0.463583,-0.17951393
17874.93897,-0.1641674,-0.54017925,-0.41887808
17879.5166,-0.24076366,-0.6263504,-0.67739105
17883.75855,-0.25991297,-0.53060484,-0.6199436
17888.15308,-0.40353155,0.11089039,0.6821966
17892.30347,-0.833714,0.7977562,-0.032532692
17896.63696,-0.72839355,0.18498468,-0.41551495
17901.2146,-0.39328432,-1.0405593,-1.2772255
17905.94483,0.13331652,-0.93523884,-0.72190094
17910.70557,0.13331652,-0.93523884,-0.72190094
17913.84888,1.3780093,0.10838795,0.82917786
17919.37256,1.1577945,0.6254144,1.221735
17924.10278,0.040370464,0.8309741,0.94361067
17928.9856,-0.2085681,0.5150137,0.12019873
17933.86841,-0.46708107,0.07458401,-0.5883188
17938.81226,-0.56282663,-0.30839825,-0.8659811
17942.96265,-0.5341029,-0.5956354,-0.79895926
17947.32666,-0.21814251,-0.66265726,-0.56917
17951.59912,0.13082886,-0.46075773,-0.29749584
17956.32935,0.30317116,-0.03947687,-0.15387726
17961.42578,0.14997816,0.056268692,0.008890152
17966.36963,-0.02236414,0.16158867,0.018464565
17970.55054,-0.15640783,0.27648354,0.03761387
17975.03662,-0.13725853,0.27648354,0.14293385
17979.64478,0.035083294,-0.010753155,0.4110217
17984.58862,0.07262802,-0.190691,0.43295145
17989.19678,0.03432989,-0.2098403,0.327631
17993.89649,0.03432989,-0.114094734,0.30848217
17998.99292,-0.003968239,0.13484383,0.3372054
18003.14331,-0.070990086,0.2784624,0.36592913
18007.53784,-0.10928869,0.37420797,0.38507843
18011.68823,-0.08640909,0.30982828,0.26081228
18016.11328,-0.07683468,0.24280643,0.04059744
18020.62988,-0.07683468,0.24280643,0.04059744
18023.46802,0.0476346,0.185359,-0.093446255
18028.53394,0.08593273,0.1662097,-0.026424408
18033.35571,0.057209015,0.108762264,0.031023026
18038.78784,0.0476346,0.032166004,-0.007275581
18043.51807,0.055481434,-0.070869446,0.003581047
18048.55347,-0.021115303,-0.022996902,0.051454067
18053.25317,-0.001966,0.053599834,0.041879177
18058.28858,-0.021115303,0.06317425,0.09932661
18062.43897,-0.04026413,0.04402542,0.14719963
18066.89453,-0.030689716,0.03445053,0.1089015
18071.04492,-0.04007578,-0.021780968,0.073931694
18075.40894,-0.030501366,-0.09837723,0.01648426
18078.46069,0.04609537,-0.16539955,0.006909847
18082.70264,-0.011352062,-0.28029394,-0.02181387
18087.677,-0.049650192,-0.2611451,-0.13670874
18092.37671,-0.049650192,-0.2611451,-0.13670874
18097.47315,-0.09752321,-0.18454838,-0.36649847
18102.63062,-0.010262489,-0.16699171,-0.68709993
18107.45239,0.10463238,-0.19571543,-0.6296525
18112.1521,0.22910166,-0.24358797,-0.4668851
18117.03491,0.30569792,-0.21486425,-0.22752094
18121.58203,0.32484722,-0.08082056,-0.05517912
18125.97656,0.23867607,0.034074306,0.11716318
18130.24902,0.1333561,0.1872673,0.26078176
18133.02612,0.029790401,0.24000216,0.3300166
18137.8479,-0.05638075,0.24957657,0.42576218
18142.97485,-0.22872305,0.23042774,0.42576218
18147.79663,-0.26702118,0.18255472,0.18639803
18151.94702,-0.20957375,0.09638357,-0.28275537
18156.37207,-0.13297701,-0.018511295,-0.23488235
18160.91919,-0.0721755,-0.10185766,0.27380657
18165.52734,0.052293777,-0.006112099,0.3216796
18168.60962,-0.033876896,0.10878277,0.28338146
18173.33984,-0.33068848,0.051335335,0.1684866
18178.52783,-0.24451733,-0.38909435,-0.14747381
18182.67822,-0.033876896,-0.53271294,-0.3102417
18187.04224,-0.033876896,-0.53271294,-0.3102417
18191.19263,0.4452405,-0.15113068,-0.52745056
18195.95337,0.5122628,0.11695719,-0.40298128
18200.25635,0.37821865,0.2797246,-0.2593627
18205.35278,0.20587683,0.35632086,-0.048722744
18209.56421,-0.043061733,0.18397903,-0.039147854
18214.4165,-0.062211037,0.16482973,-0.02957344
18218.96362,-0.08136034,0.13610601,-8.50E-04
18223.11401,-0.05128765,0.12315655,0.09341192
18227.41699,-0.05128765,0.07528353,0.15085936
18232.26929,-0.09916067,0.065709114,0.20830679
18237.21314,-0.032138348,0.16145468,0.28490353
18242.46216,0.0348835,0.22847652,0.17000866
18247.77222,0.015734196,0.25720024,0.10298681
18252.50244,-0.0743742,0.32878256,0.14961052
18257.35474,0.030946255,0.47240114,0.4655714
18262.57324,0.18413925,0.44367743,0.51344395
18267.27295,0.19371367,0.33835745,0.53259325
18272.2168,0.05009508,0.14686584,0.4368477
18277.06909,-0.093523026,-0.32228756,0.4464221
18281.64673,-0.11678553,-0.2800641,0.49508047
18286.2854,0.02683258,-0.6055989,0.7057209
18290.92407,0.084280014,-0.63432264,0.7152953
18296.66138,0.37151718,-0.34708595,0.19826889
18301.33057,0.37151718,-0.34708595,0.19826889
18305.7251,0.37151718,-0.34708595,0.19826889
18310.30274,-0.3848734,0.07419491,-1.8889852
18316.46729,-1.2524903,1.9734356,1.2015214
18321.68579,-1.9322841,1.245769,-2.072978
18326.62964,-1.0609992,-2.2585201,-1.8623376
18330.78003,-0.7737622,-3.397893,0.11002159
18336.73096,0.18369389,-1.9425597,0.7419429
18341.33911,2.7002997,1.6500654,0.46108437
18346.37451,1.8768878,1.5160215,0.3461895
18351.07422,0.37368155,0.6638856,-0.22828388
18356.81152,-0.6603708,-0.102078915,-1.539999
18360.44312,-0.8039894,-0.80102205,-2.468731
18364.77661,0.07687044,-1.4520922,-2.296389
18368.927,0.4407034,-1.1840043,-1.8272357
18373.07739,0.68964195,-0.64782906,-1.6261697
18377.53296,0.7758131,-0.18825006,-1.5017004
18382.08008,0.7914071,-0.07939005,-1.1946163
18386.71875,0.55204344,-0.11768818,-0.7350373
18391.38794,-0.08945227,-0.18471003,0.16497135
18396.27075,-0.08945227,-0.18471003,0.16497135
18399.44458,-0.27136898,-0.050666332,0.4043355
18403.59497,-0.08945227,0.05465412,0.7298703
18408.08106,-0.06072855,0.006781101,0.9022126
18412.26196,-0.0846591,-0.11505985,0.91078615
18416.96167,-0.13253212,-0.038463116,1.0161061
18422.08862,-0.17083025,0.19132614,1.025681
18427.00195,-0.29529953,0.42111588,1.035255
18431.15234,-0.46764135,0.55515957,0.8341894
18435.54688,-0.46764135,0.55515957,0.8341894
18438.7207,-0.45806694,0.411541,0.7001457
18442.96265,-0.28557253,0.13113451,0.38839817
18447.72339,-0.17067814,0.18858194,0.39797306
18452.36206,-0.15152884,0.37049818,0.50329304
18457.24487,-0.08450699,0.5811386,0.5703149
18461.79199,-0.16110325,0.6194372,0.5511656
18466.21704,-0.28557253,0.5619898,0.47456932
18470.36743,-0.2664237,0.3992219,0.39797306
18473.23608,-0.17732048,0.23668337,0.33266687
18478.302,-0.033702374,0.102639675,0.19862318
18483.06275,0.033319473,0.093064785,0.16989946
18488.09815,0.052468777,0.07391596,0.12202644
18493.2251,0.033319473,0.064341545,0.016706467
18498.13843,0.10991621,0.08349037,-0.12691212
18503.32642,0.07977915,0.05530405,-0.023121834
18508.20923,0.13722658,0.036154747,0.06304932
18512.90894,0.15637589,0.112751484,0.17794418
18518.4021,0.12765217,0.22764587,0.3694353
18522.97974,0.003182888,0.2946682,0.43645716
18527.70996,-0.006392002,0.2755189,0.46518087
18531.86035,-0.0910697,0.33732414,0.45712042
18538.51318,-0.119793415,0.22242928,0.48584414
18543.54858,-0.07192087,0.12668371,0.4188223
18548.49243,-0.0910697,0.08838558,0.36137486
18553.22266,-0.081495285,-0.016934395,0.17945814
18558.22754,-0.05277157,-0.09353113,-0.021607399
18563.44605,-0.09140444,-0.08618879,-0.10601902
18568.32886,-0.07225561,-0.13406134,-0.20176458
18573.18115,-0.024382591,-0.13406134,-0.24963713
18578.18604,-0.024382591,-0.11491251,-0.20176458
18581.78711,0.023489952,-0.15321064,-0.17304087
18586.66992,0.033064842,-0.057465076,-0.01984787
18591.46118,-0.03013277,0.0492239,0.10025883
18597.93091,-0.0684309,0.058798313,0.061960697
18601.65405,-0.10672903,-0.06567097,-0.16782856
18606.5979,-0.049281597,-0.4103551,-0.531662
18610.74829,-0.049281597,-0.4103551,-0.531662
18615.11231,-0.049281597,-0.4103551,-0.531662
18618.28613,0.34327555,-0.5348244,-0.46464014
18621.06323,0.5478492,-0.08670521,-0.4284749
18625.67139,0.5478492,-0.08670521,-0.4284749
18628.72315,0.4521036,0.12393522,-0.34230423
18631.89697,0.29891062,0.18138266,-0.2848568
18636.71875,0.13614321,0.2484045,-0.22740936
18639.98413,-0.05534792,0.23883009,-0.2848568
18644.34815,-0.14151907,0.15265894,-0.35187864
18648.49854,-0.18939209,0.056913376,-0.49549723
18652.64893,-0.011874199,-0.25850677,-0.5193424
18657.07398,-0.011874199,-0.25850677,-0.5193424
18660.15625,0.06472206,-0.38297606,-0.53849125
18664.64233,0.10302019,-0.33510303,-0.42359686
18669.37256,0.09344578,-0.22020864,-0.22253084
18674.10278,0.074296474,-0.057440758,-0.011890411
18679.07715,0.122169495,0.076602936,0.11257887
18684.50928,0.075212955,0.25971985,0.21820545
18689.17847,-0.03968191,0.27886915,0.2756529
18693.87817,-0.097129345,0.25014544,0.35224915
18699.46289,-0.10670376,0.16397429,0.38097286
18705.26123,0.008191109,0.12567616,0.2852273
18709.99146,-0.010958195,0.087378025,0.05543804
18714.9353,0.027339935,0.05865431,0.04586363
18719.69605,-0.08486891,0.15532064,0.38079882
18725.15869,-0.08486891,0.15532064,0.38079882
18729.73633,-0.036995888,0.2893648,0.5435662
18734.86328,-0.027421474,0.37553596,0.5148425
18739.10523,-0.008272171,0.2702155,0.45739508
18743.86597,0.039600372,0.040426254,0.31377697
18748.29102,-0.008272171,0.011702538,0.10313654
18752.53296,-0.11011267,-0.021334171,-0.20108557
18756.92749,-0.11011267,-0.021334171,-0.20108557
18760.00977,-0.03351593,-0.41389132,-0.66066456
18764.64844,-0.052665234,-0.547935,-0.8425813
18769.53125,-0.15798521,-0.547935,-1.1393924
18774.44458,-0.25373077,-0.45218945,-1.1010942
18779.47998,-0.6963229,0.9187584,0.1668334
18784.94263,-0.49525738,-0.02912283,-1.5948858
18789.67285,-0.6293011,-1.3216887,-0.915092
18794.76929,-0.5144067,-1.6185002,0.5115175
18799.6521,2.1185975,0.41130686,1.0093946
18804.84009,1.9845538,1.5889776,1.0955653
18809.05151,0.7494354,1.9815347,1.5264211
18813.41553,-0.39451122,1.7169499,1.4915643
18819.67163,-0.73919535,-0.08306742,0.17027521
18825.3479,-0.48068237,-0.78201056,-0.23185635
18829.49829,-0.24131823,-0.9735017,-0.5095186
18833.64868,-0.040252686,-0.78201056,-0.68186045
18839.35547,0.13208961,-0.10221672,-0.7584572
18844.08569,0.15471792,0.10946131,-0.86705256
18848.2666,0.05897236,0.10946131,-0.9532237
18852.56958,-0.06549692,0.03286457,-0.972373
18859.77173,-0.046347618,-0.21607399,-0.7617326
18865.32593,0.1259942,-0.369267,-0.55109215
18870.51392,0.20448256,-0.4222598,-0.2827568
18875.39673,0.16618443,-0.36481237,-0.19658566
18880.0354,0.080013275,-0.32651424,-0.08169079
18885.52857,0.003417015,-0.18289614,0.0332036
18890.28931,-0.05403042,-0.07757568,0.1863966
18895.20264,-0.05403042,0.07561731,0.43533516
18899.90234,-0.06144142,0.08040857,0.44810963
18905.45654,-0.118888855,0.08040857,0.42896032
18910.0647,-0.15718699,0.09955788,0.20874548
18915.00855,-0.13803768,0.022961617,-0.04019308
18919.86084,-0.13803768,-0.12065697,-0.15508795
18925.23193,-0.013568401,-0.3600211,-0.34657907
18930.11475,-0.001789093,-0.36034632,-0.3552308
18935.30274,-0.0400877,-0.29332447,-0.38395452
18939.88037,0.00778532,-0.22630215,-0.24991083
18945.25147,0.103530884,-0.21672773,-0.07756853
18949.37134,0.14182901,-0.12098217,0.09477377
18953.58276,0.17055273,0.04178524,0.27669
18957.85523,0.026934624,0.12795639,0.2862649
18962.34131,-0.1289053,0.2365179,0.22217941
18967.1936,-0.1480546,0.30353975,0.14558315
18971.89331,-0.10018158,0.25566673,0.116859436
18976.68457,-0.004436016,0.16949606,0.28920126
18980.77393,0.043437004,0.14077234,0.40409613
18985.50415,0.043437004,0.1982193,0.4998417
18988.31177,0.043437004,0.30353975,0.60516214
18992.40112,0.075731754,0.42254877,0.5576544
18996.64307,-0.1349082,0.42254877,0.4427595
19000.64087,-0.37427235,0.33637762,0.23211908
19003.90625,-0.38384676,0.1353116,0.16509724
19008.91113,0.027859211,-0.017881393,0.15552282
19013.58032,0.22892475,0.08743906,0.09807539
19018.55469,0.3246703,0.17361021,0.002329826
19023.65112,0.20552492,0.26165485,-0.09188366
19028.4729,-0.005115509,0.194633,0.051734447
19033.11157,-0.04341364,0.15633488,0.051734447
19037.71973,-0.024264812,0.10846186,0.061309338
19042.20581,-0.072137356,0.09888744,0.003861904
19046.78345,-0.12958479,0.07016373,-0.024861813
19050.99487,-0.12958479,0.031865597,-0.07273483
19054.41284,-0.11431074,0.06257534,-0.08914757
19059.69238,-0.07601261,-0.004446507,-0.15616941
19064.60571,-0.056863785,-0.10019207,-0.15616941
19069.39697,5.84E-04,-0.17678833,-0.146595
19074.06616,0.019732952,-0.18636322,-0.1274457
19079.80347,0.083897114,-0.13895369,-0.21041346
19085.17456,0.12219572,-0.11022997,-0.18168974
19089.72168,0.093472004,-0.06235695,-0.20083904
19094.7876,0.12219572,-0.07193184,-0.13381672
19099.88403,0.0743227,-0.091080666,-0.124242306
19104.61426,0.045598984,-0.13895369,-0.018922329
19108.70361,0.016875267,-0.17725182,-0.028496742
19112.79297,0.038105488,-0.23284626,0.013890743
19117.55371,0.038105488,-0.23284626,0.013890743
19122.58911,0.105127335,-0.23284626,0.052188873
19127.22778,0.066829205,-0.1371007,0.10963631
19131.34766,0.0476799,0.035241127,-0.00525856
19135.74219,0.038105488,0.13098717,0.00431633
19139.80103,0.038105488,0.13098717,0.00431633
19142.91382,-0.037624836,0.18874693,0.14487648
19147.18628,-0.06634855,0.1504488,0.16402578
19151.30615,0.010248184,0.1695981,0.25977135
19156.00586,0.058120728,0.1695981,0.28849506
19160.64453,0.058120728,0.1695981,0.28849506
19164.42871,0.010248184,0.2844925,0.25977135
19167.66358,6.73E-04,0.25576925,0.21189833
19172.33276,0.094605446,0.20335579,0.26841688
19177.06299,0.037158012,0.09803581,0.28756618
19181.67114,-0.010714531,0.021439552,0.22054434
19186.95068,-0.10646057,-0.11260462,-0.009245396
19191.04004,-0.029863834,-0.093455315,-0.28690767
19195.3125,-0.029863834,-0.093455315,-0.28690767
19198.02857,0.008434296,-0.07430649,-0.53584623
19202.57568,-0.18076801,-0.29323673,-0.747756
19206.78711,-0.25736475,-0.3889823,-0.93924713
19210.81543,-0.3052373,-0.43685532,-1.102015
19215.48462,-0.3052373,-0.43685532,-1.102015
19218.59741,0.020297527,-0.61877155,-0.9105234
19223.72437,-0.04672432,0.070596695,1.1575813
19228.60718,-0.535027,0.63549566,0.4777875
19233.39844,-0.36174917,-0.5341668,-1.1184673
19238.12866,-0.28515244,-1.5394955,-0.7642088
19243.2251,0.75847435,-1.2809825,-0.51527023
19248.35205,1.706356,-0.3522501,0.26984406
19253.08228,1.6106105,0.911592,1.0358086
19258.05664,0.8254967,1.8211753,1.6294312
19263.27515,-0.609313,1.2620997,1.1536946
19268.18848,-0.7337823,0.18017435,0.57922125
19272.9187,-0.5901637,-0.60493946,-0.1484456
19277.80151,-0.4369712,-0.90175104,-0.69419575
19282.65381,-0.015690327,-0.43259764,-0.66547203
19288.08594,0.1949501,-0.25068092,-0.5601516
19292.84668,0.24214506,-0.20404339,-0.55200243
19297.76001,0.1463995,-0.14659595,-0.59030056
19302.49024,-0.21743345,-0.002977371,-0.19774342
19307.86133,-0.25573206,0.13106632,-0.015827179
19312.59155,-0.12168789,0.20766306,0.11821699
19317.62695,-0.016367912,0.21723747,0.14694071
19322.35718,0.11958408,0.019216537,0.30449915
19327.69775,0.10043478,-0.009507179,0.34279728
19332.4585,0.07171154,0.047940254,0.3906703
19337.40234,-0.01445961,0.19155836,0.31407356
19342.13257,-0.07190704,0.2777295,0.33322287
19347.59522,-0.10063076,0.39262438,0.3906703
19352.32544,-0.093483925,0.2546072,0.38106537
19357.20825,-0.093483925,0.2546072,0.38106537
19362.03003,-0.04561138,0.0822649,0.4193635
19367.46216,-0.04561138,0.11098862,0.38106537
19372.19238,-0.13178253,0.04396677,0.18957424
19377.10571,-0.13178253,0.04396677,0.18957424
19381.92749,-0.098211765,-0.28668642,-0.31834936
19387.81738,-0.07906246,-0.36328268,-0.47154236
19392.48657,0.12200308,-0.35370827,-0.5098405
19397.24732,0.13157749,-0.21966457,-0.35664797
19401.39771,0.13157749,-0.21966457,-0.35664797
19404.84619,0.064555645,-0.03774786,-0.28005123
19408.99658,0.04540682,-0.028173447,-0.28005123
19413.23853,0.06936598,-0.051412582,-0.33848763
19417.48047,0.07894039,-0.051412582,-0.3193388
19421.63086,0.07894039,-0.051412582,-0.3193388
19426.94092,0.06936598,-0.03226328,-0.07040024
19431.88477,0.15553713,0.11135483,0.19768763
19436.88965,0.098089695,0.13050413,0.28385878
19441.65039,0.108189106,0.115689754,0.26043797
19447.44873,0.060316086,0.10611534,0.27958727
19452.0874,-0.15032434,0.039093494,0.42320538
19456.90918,-0.17904806,0.039093494,0.308311
19461.15112,-0.17904806,0.039093494,0.308311
19464.53858,-0.2269206,0.16356277,0.17426682
19468.68897,-0.25564432,0.14441347,0.08809614
19472.83936,-0.22266054,0.13551569,0.16620731
19477.23389,-0.1556387,0.08764315,0.032163143
19481.29273,-0.1556387,0.08764315,0.032163143
19484.86328,-0.079042435,-0.11342287,-0.3029461
19489.59351,-0.012020111,-0.18044472,-0.24549866
19494.62891,0.035852432,-0.21874285,-0.28379726
19499.35913,0.12202358,-0.16129589,-0.20720053
19504.73023,0.003862381,-0.076058865,-0.007168293
19509.39942,-0.07273388,-0.123931885,-0.045466423
19514.55689,-0.053585052,-0.26755,-0.1795106
19518.79883,0.061309814,-0.30584812,-0.3231287
19522.97974,0.3389721,-0.23882627,-0.25610685
19528.16773,0.3485465,-0.047335148,-0.19865942
19532.31812,0.33991575,0.16671276,-0.12297964
19537.04834,0.14842463,0.2528839,-0.10383034
19543.09082,-0.16753578,0.16671276,-0.03680849
19548.46192,-0.18668509,0.109265804,-0.017659664
19552.61231,-0.16753578,0.061392784,0.058937073
19557.00684,-0.2154088,0.04224348,0.068511486
19562.01172,-0.09795189,0.003281593,0.08002043
19566.37573,-0.040504456,0.012856483,0.08002043
19570.40405,-0.021355629,0.03200531,0.08959484
19573.18115,-0.088377476,0.0415802,0.12789345
19578.30811,-0.09795189,0.09902763,0.11831856
19583.03833,-0.021355629,0.07987833,0.1853404
19588.40942,0.026517391,0.051154613,0.1949153
19593.2312,0.015248776,-0.011237145,0.18991995
19598.0835,0.06312132,-0.07825899,0.13247299
19602.7832,0.034397602,-0.12613201,0.17077112
19606.5979,0.024823189,-0.12613201,0.06545067
19611.41968,-0.06134796,-0.15485573,0.13247299
19616.39404,-0.118795395,-0.06868458,0.103749275
19621.09375,-0.12866735,-0.061435223,0.116163254
19625.09155,0.005376816,-0.05186081,-0.037029743
19629.69971,-0.042496204,0.10133219,0.029992104
19634.58252,-0.013772488,0.23537636,0.17361069
19639.31275,-0.013772488,0.23537636,0.17361069
19644.31763,0.15856934,0.49388933,0.57574224
19649.74976,0.001341343,0.7510538,0.6867547
19654.78516,0.001341343,0.7510538,0.6867547
19659.48486,-0.0465312,0.66488266,0.34207058
19664.70337,-0.103978634,0.45424223,0.08355713
19669.25049,-0.09440422,0.22445297,-0.04091215
19673.49243,-0.17100048,-0.340446,-0.5579381
19677.88696,-0.113553524,-0.6659813,-0.81645155
19682.06787,-0.15387344,-0.65837574,-0.78106165
19685.42481,-6.80E-04,-1.041358,-0.96297836
19689.51416,-6.80E-04,-1.041358,-0.96297836
19693.69507,0.15251255,-0.68709946,-1.0108509
19698.73047,0.11421442,-0.51475716,-0.8385091
19703.46069,0.16208744,-0.45730972,-0.60871935
19709.01489,0.20038557,-0.4190116,-0.3789301
19713.7146,0.039888382,-0.09538698,1.5622087
19718.53638,-0.36224318,0.46951246,2.0026383
19723.32764,-0.28564644,-0.028364658,0.5377312
19728.39356,0.011164665,-0.8326278,0.09730148
19732.57446,0.12605953,-0.5549655,-0.30483007
19736.969,0.48031807,-0.17198324,-0.31440496
19741.24146,0.48031807,-0.17198324,-0.31440496
19744.62891,0.46705055,0.2230568,-0.08445501
19748.56567,0.17981386,0.5677409,0.13575983
19752.7771,-0.10742283,0.3953991,-0.33339357
19757.2937,-0.088274,0.00284195,-0.85042
19761.44409,-0.088274,0.00284195,-0.85042
19764.9231,-0.0691247,-0.16949987,-1.6068101
19769.07349,-0.040400982,-0.07375431,-1.5302138
19773.34595,0.16893816,-0.04583502,-1.2757854
19777.64893,0.2551093,-0.06498432,-0.95982504
19781.73828,0.2551093,-0.06498432,-0.95982504
19785.15625,0.12106562,0.06905985,-0.2704568
19789.45923,-0.012978554,0.19352913,-0.040667057
19793.60962,-0.07042551,0.2892747,0.13167477
19798.00415,-0.15659666,0.2701254,0.31359148
19803.95508,-0.0256176,0.14840364,0.40594673
19809.93652,0.17544842,-0.19628096,0.75063086
19815.06348,0.17544842,-0.21542978,0.7985039
19819.24439,0.02225542,-0.052662373,0.8080783
19824.27979,-0.21710873,0.3973422,0.8080783
19829.10156,-0.27455616,0.47393847,0.76020527
19833.28247,-0.28069735,0.42223597,0.67699194
19837.61597,-0.24239874,0.28819227,0.57167196
19844.69605,-0.1849513,0.14457369,0.37060642
19850.0061,-0.11792946,0.087126255,0.28443527
19855.3772,-0.15622807,-0.037343025,0.15996599
19860.13794,-0.15123987,-0.03888464,0.15526342
19865.08179,-0.122516155,-0.14420462,0.05951786
19870.26978,-0.112941265,-0.15377903,-0.017078876
19875.33569,0.001953125,-0.010160923,-0.007503986
19879.48608,0.001953125,-0.010160923,-0.007503986
19884.64356,0.05940056,0.17175579,0.19356155
19889.5874,0.11684799,0.1909051,0.2701578
19893.73779,0.09106493,0.21892023,0.37004185
19898.65112,0.0719161,0.23806953,0.30301952
19904.99878,-0.090851784,0.28594255,0.14025211
19909.66797,-0.13872433,0.3146658,-0.03208971
19913.84888,-0.14829922,0.26679325,-0.1948576
19918.24341,0.024043083,0.05615282,0.09237957
19922.79053,0.09756613,0.08561945,0.20435667
19928.00903,0.087991714,0.1526413,0.47244406
19932.70874,0.040118694,0.1717906,0.29052734
19937.53052,-0.16094685,-0.029275417,0.30967665
19941.71143,-0.33328915,-0.19204283,0.041588783
19946.07544,-0.2279687,-0.32608652,-0.11160374
19950.62256,0.040118694,-0.37395954,-0.35096788
19953.49121,0.28426647,-0.27841806,-0.35145283
19957.70264,0.36086273,-0.13479948,-0.36102772
19961.79199,0.33213902,0.018393517,-0.35145283
19966.52222,0.24596786,0.02796793,-0.35145283
19971.83228,-0.117865086,-0.09650135,-0.38975143
19976.77612,-0.18488693,-0.21139622,-0.485497
19981.50635,-0.1432929,-0.2433052,-0.49876022
19986.60278,-0.08584547,-0.29117823,-0.48918533
19991.72974,0.019474506,-0.31990194,-0.38386536
19997.34497,0.019474506,-0.31032753,-0.20194864
20002.50244,0.10564566,-0.14755964,-0.029606342
20007.93457,0.06734753,-0.032665253,-0.039181232
20012.69531,0.045722008,0.04607725,-0.026203156
20017.7002,0.026573181,0.06522608,0.14613867
20022.3999,0.007423878,0.06522608,0.28018236
20027.771,0.007423878,0.08437538,0.28975725
20032.50122,-0.011725426,0.007779121,0.3567791
20037.53662,-0.040448666,-0.001795769,0.2035861
20042.26685,-0.04853964,0.014425755,0.087500095
20047.57691,-0.10598707,0.004851341,0.087500095
20052.36817,-0.06768894,-0.014297962,-0.05611849
20057.22046,0.008907318,-0.062170506,-0.11356592
20061.37085,0.008907318,-0.062170506,-0.11356592
20065.82642,0.028056622,-0.04302168,-0.13271475
20070.58716,0.028056622,0.052723885,-0.14228964
20073.36426,-0.033421516,0.4383011,0.06589985
20078.24707,-0.05257082,0.5914936,0.12334728
20083.06885,-0.11001825,0.6393666,0.2956891
20088.1958,0.03360033,0.53404665,0.4393077
20092.34619,0.15806961,0.30425692,0.52547884
20096.67969,0.19636774,-0.14574718,0.40100956
20100.92163,0.16232014,-0.08747339,0.4705639
20105.25513,0.08572388,-0.24066639,0.41311646
20108.30689,-0.019596577,-0.30768824,0.48971272
20112.45728,-0.06746912,-0.45130682,0.4992876
20117.27905,-0.06746912,-0.45130682,0.4992876
20122.00928,0.037850857,-0.43215752,0.19290161
20127.38037,-0.019596577,-0.2693901,-0.10390997
20132.20215,-0.2504487,0.029284,-0.9797411
20137.11548,-0.2504487,0.029284,-0.9797411
20141.75415,-0.44193983,0.01970911,-1.5446401
20146.63696,-0.30789614,-0.06646156,-1.6403856
20151.30615,-0.02065897,0.029284,-0.12760496
20155.63965,-0.5089617,1.1016347,1.1075134
20158.41675,-0.5759835,0.72822666,-1.2478285
20164.88648,-0.5123391,-2.0847917,-0.069770336
20170.01343,0.7419281,-1.998621,-0.07934475
20175.07935,2.1781125,-0.8018007,-0.069770336
20179.22974,2.273858,0.7588525,0.68661976
20183.47168,1.1919327,1.8312032,1.423861
20188.20191,-0.627234,1.5726902,0.7344928
20192.3523,-0.62961054,1.6678855,0.8079481
20196.65527,-0.92642164,0.50936365,0.17602682
20200.71411,-0.4381194,-1.1949081,-0.50376654
20205.32227,-0.0838604,-1.1661844,-0.65695953
20208.95386,0.29912186,-0.850224,-0.7814288
20213.74512,0.3565693,-0.4863906,-0.7814288
20218.65845,0.2129507,-0.1991539,-0.88674927
20223.38867,-0.17003155,0.1263814,-0.70483255
20228.79028,-0.24662781,0.24127579,-0.42717028
20233.61206,-0.2145567,0.20238733,-0.1701374
20238.43384,-0.12838554,0.19281292,0.030928135
20243.07251,0.06310558,0.097067356,0.27029228
20248.2605,0.034381866,-0.027401924,0.38518667
20252.41089,0.05353117,-0.075274944,0.4139104
20256.7749,0.05353117,-0.036976814,0.4139104
20260.92529,0.054268837,-0.037117004,0.35999537
20265.38086,0.044693947,0.039479733,0.47489023
20269.31763,0.044693947,0.07777786,0.37914467
20273.2544,-0.012753487,0.10650158,0.37914467
20277.4353,-0.06062603,0.1543746,0.2833991
20281.58569,-0.07977533,0.10650158,0.12063122
20285.2478,-0.08934975,0.05862856,-0.042136192
20289.15405,-0.09892416,-0.027542114,-0.07085991
20292.75513,-0.021426678,-0.031142712,-0.0673852
20297.27173,0.007297039,-0.011993885,-0.08653402
20300.84229,0.016871452,0.04545355,-0.12483263
20305.57251,-0.06929922,0.016729832,-0.07695961
20309.50928,-0.09802294,0.016729832,-0.18228006
20313.56812,-0.12674665,-0.021568298,-0.23972702
20317.84058,-0.088448524,-0.098165035,-0.2205782
20321.99097,-0.040575504,-0.10773945,-0.23972702
20326.35498,0.007297039,-0.12688828,-0.27802563
20330.99365,0.026686192,-0.13166046,-0.29621553
20335.32715,0.026686192,-0.13166046,-0.29621553
20338.0127,0.13200665,-0.016766071,-0.16217136
20342.07153,0.15115547,-0.016766071,0.01017046
20346.55762,0.09370804,0.040681362,0.2303853
20351.10474,0.084133625,0.16515064,0.5750694
20355.52979,0.084133625,0.16515064,0.5750694
20358.27637,-0.05948496,0.2608962,0.59421873
20362.54883,-0.04279709,0.28517056,0.59965706
20367.27905,-0.21513891,0.2085743,0.37944221
20372.40601,-0.16726637,0.122403145,0.23582363
20377.34985,-0.08109522,0.007508278,0.092205524
20381.50025,-0.08109522,-0.12653542,0.006034374
20385.80322,-0.08109522,-0.20313215,-0.13758421
20388.97705,-0.061945915,-0.18398285,-0.2620535
20393.18848,-0.0734992,-0.12248325,-0.40116978
20397.46094,-0.0734992,-0.036312103,-0.25755167
20401.55029,-0.0734992,-0.036312103,-0.25755167
20406.18897,-0.06392431,0.07858229,-0.21925354
20409.97315,0.022246838,0.06900787,0.06798363
20414.97803,0.012671948,0.001986027,0.087132454
20419.70825,-0.007749558,-0.13626194,-0.09224558
20426.11694,-0.036473274,-0.30860424,-0.20714045
20431.30493,0.087996006,-0.48094606,-0.13054371
20436.2793,0.31778526,-0.4043498,-0.073096275
20441.07056,0.18374157,0.02650547,-0.06352186
20446.01441,0.18374157,0.02650547,-0.06352186
20449.646,-6.99E-04,0.27674198,-0.055859566
20454.62036,-0.048572063,0.23844385,-0.055859566
20459.32007,-0.1060195,0.14269829,-0.046285152
20464.08081,-0.11559391,0.027803421,-0.046285152
20469.45191,-0.048572063,-0.029644012,-0.06543398
20474.48731,0.028024673,-0.039218426,-0.103732586
20479.24805,0.037599087,-0.029644012,-0.113307
20483.97827,0.029119492,0.010733604,-0.07660246
20489.28833,-0.047477245,0.06818104,-0.18192291
20494.04907,3.96E-04,0.029882908,-0.21064615
20498.71826,-0.028327942,-0.008415222,-0.13404989
20502.86865,-0.037902832,-0.027564526,-0.057453156
20507.35474,0.009970188,-0.046713352,0.04786682
20511.90186,0.05621624,0.013708115,0.1877408
20516.51001,0.046641827,0.061581135,0.36008263
20521.14868,-0.001231194,0.08073044,0.42710447
20526.12305,-0.001231194,0.08073044,0.42710447
20530.67017,-0.09697676,0.099879265,0.55157375
20534.51538,-0.12570047,0.08073044,0.49412632
20539.12354,-0.07782745,0.07115555,0.40795565
20543.27393,-0.04807663,0.111888885,0.33513832
20548.12622,-0.05765152,0.07359028,0.1340723
20553.28369,-0.08637476,0.102313995,0.095774174
20558.10547,-0.11509848,0.13103771,-0.00954628
20562.25586,-0.05765152,0.13103771,-0.057418823
20566.65039,-0.019352913,0.18848515,-0.10529184
20569.82422,0.009370804,0.16933584,-0.21061182
20574.06616,0.013552189,0.15514278,-0.03929758
20578.88794,0.042275906,0.116844654,0.113895416
20583.61817,-0.024745941,0.116844654,0.3915577
20588.28735,0.090148926,-0.007624626,0.44900513
20592.83447,0.2146182,-0.18954134,0.4394307
20597.16797,0.27206564,-0.2757125,0.35325956
20601.77612,0.26239777,-0.26398897,0.31657553
20606.90308,0.15707779,-0.2927127,0.18253183
20610.44312,0.013459206,-0.35016012,-0.03768301
20615.448,-0.015264511,-0.35016012,-0.74620056
20619.59839,-0.09186077,-0.42675638,-0.9759898
20623.87085,-0.09186077,-0.42675638,-0.9759898
20628.23486,-0.21633005,-0.4459057,-1.4259944
20632.38525,-0.2640171,-0.29940176,-0.45502996
20636.8103,-0.5799775,0.7442255,1.134347
20641.63208,-0.9055128,0.81124735,-1.7475958
20647.2168,-1.0204077,-0.98877,-2.2741966
20650.84839,0.42535114,-2.6355944,-0.9720564
20656.18897,2.1870704,-1.5728183,-0.42630625
20660.94971,2.6849475,0.14102793,0.004549027
20666.87012,1.6317458,1.558063,0.83753586
20672.51587,-1.1557066,1.7839465,1.0865254
20677.39868,-1.3567724,0.8073416,0.5120516
20682.06787,-0.91634274,-0.2458601,0.16736746
20687.04224,-0.35144377,-0.83948326,0.033323765
20690.21607,0.32835007,-0.92565393,-0.16774225
20694.58008,0.3857975,-0.7820358,-0.25391293
20698.73047,0.29005194,-0.5426717,-0.27306223
20702.97241,0.008117199,-0.22444725,-0.3424344
20707.18384,0.008117199,-0.22444725,-0.3424344
20710.35767,-0.39401436,0.3308773,0.002249718
20714.99634,-0.39401436,0.3308773,0.002249718
20719.81812,-0.1642251,0.36917543,0.20331526
20724.76196,0.04641533,0.20640802,0.21289015
20729.49219,0.1517353,-0.09997797,0.2607627
20735.07691,0.15054846,-0.11438084,0.22081137
20739.62402,0.045228004,0.02923727,0.23038626
20744.56787,-0.0983901,0.18243027,0.21123695
20749.2981,-0.0983901,0.37392187,0.24953508
20754.76074,-0.002644539,0.31647444,0.23996067
20759.49097,0.025967598,0.22813559,0.18252516
20764.5874,0.102564335,0.23771,0.19210005
20769.22608,0.11213875,0.26643372,0.096354485
20774.84131,0.03554201,0.2568593,-0.028114796
20779.60205,-0.060203552,0.29515743,-0.123860836
20784.48486,-0.15594912,0.26643372,-0.15258455
20789.27612,-0.1272254,0.15153885,-0.0664134
20794.76929,-0.08071089,0.043242455,-0.07986879
20799.34692,-0.071136475,0.03366804,-0.10859251
20804.62647,-0.042412758,-0.004630566,-0.0990181
20808.77686,-0.042412758,-0.05250311,-0.13731623
20813.32398,-0.071136475,0.062391758,0.13077116
20817.62695,-0.06156206,0.119838715,0.31268787
20821.89942,-0.073275566,0.08598375,0.42052507
20826.53809,-0.073275566,0.08598375,0.42052507
20830.04761,-0.09242439,0.07640934,0.6024418
20835.2356,-0.025402546,0.03811121,0.51627064
20839.38599,0.022469997,0.009387493,0.42052507
20843.53638,0.07034302,-0.04805994,0.3152051
20848.51074,0.051193714,-0.04805994,0.23860836
20853.48511,0.062492847,-0.054968834,0.2681694
20857.6355,0.03376913,0.021627903,0.18199873
20861.75537,0.03376913,0.08864975,0.114976406
20866.4856,0.03376913,0.08864975,0.114976406
20870.23926,-0.08112526,0.20354462,-0.29672956
20875.24414,-0.10027456,0.23226833,-0.41162443
20879.94385,-0.06920719,0.061738014,-0.4141264
20884.97925,-0.06920719,0.061738014,-0.4141264
20889.55689,0.007389069,-0.053156376,-0.31838083
20895.1416,0.007389069,-0.07230568,-0.23220968
20899.29199,0.026538372,-0.09145498,-0.1268897
20903.53394,-0.002185345,-0.12017822,-0.06944227
20908.78296,-0.05963278,-0.053156376,0.03587818
20913.51318,-0.031184196,-0.02863884,0.07867956
20917.90772,0.045412064,-0.047788143,0.16485071
20922.02759,0.03583765,-0.07651186,0.17442513
20928.31421,0.045412064,-0.047788143,0.2510214
20932.00684,-0.08863163,-0.019064426,-0.06493902
20937.28638,-0.1843772,-0.1243844,-0.13196087
20941.98608,-0.16910934,-0.28130484,-0.17464542
20948.42529,-0.082938194,-0.31960297,-0.2895403
20952.23999,0.19472408,-0.17598438,-0.41400957
20957.21436,0.29046965,-0.032366276,-0.4331584
20961.94458,0.30961895,0.015506744,-0.37571096
20967.0105,0.17557478,0.053804874,-0.270391
20970.61157,0.15686035,0.056227207,-0.19631338
20975.58594,0.12813663,0.0658021,-0.15801525
20978.60718,0.04196596,0.09452534,-0.062269688
20983.42896,0.003667355,0.11367464,0.014327049
20988.34229,-0.025055885,0.19984579,0.07177448
20993.53027,-0.025055885,0.18069649,0.18666887
20998.56567,-0.053779602,0.17112207,0.16752005
21003.2959,-0.09666109,0.057734966,0.25682306
21008.17871,-0.14453411,-0.009286881,0.2951212
21013.3667,-0.12538481,0.009862423,0.2951212
21018.37158,-0.048788548,-0.018861294,0.25682306
21023.10181,-0.039213657,-0.018861294,0.24724865
21027.98462,-0.039213657,-0.018861294,0.24724865
21031.70776,-0.077512264,0.03858614,0.21852493
21036.74317,-0.039213657,0.048160553,0.20895052
21041.47339,-0.04336834,0.043508053,0.16088438
21046.26465,-0.014644623,0.043508053,0.09386253
21051.08643,-0.024219036,0.043508053,0.055564404
21056.27442,-0.024219036,0.07223177,0.12258625
21060.2417,-0.052942753,0.19670105,0.21833181
21064.5752,-0.08166647,0.36904287,0.12258625
21069.36646,-0.04336834,0.46478844,0.13216066
21073.88306,0.048005104,0.51229334,0.17258692
21078.21655,0.2011981,0.12931061,0.2970562
21082.51953,0.28736877,-0.06218052,0.37365294
21086.88355,0.28736877,-0.06218052,0.37365294
21090.85083,0.26821995,-0.23452234,0.54599476
21094.63501,0.13417578,-0.31111908,0.67046404
21097.0459,0.057579517,-0.37814093,0.6321659
21100.55542,-0.009442329,-0.35899162,0.52684593
21103.8208,-0.033036232,-0.25730705,0.26890898
21109.34448,-0.26282597,-0.16156149,-0.343863
21113.34229,-0.55006266,-0.16156149,-1.0811043
21117.03491,-0.5787864,-0.43922377,-1.6843014
21120.54443,-0.5021901,-0.24773264,0.048694134
21123.93189,-1.2202821,0.8150439,-0.0087533
21129.3335,-1.325602,-0.20943403,-2.440692
21133.81958,-0.34620142,-3.3881974,-0.78707695
21138.00049,1.2718992,-2.5264869,0.20867729
21142.02881,2.985746,-0.7073207,0.5533619
21146.54541,2.985746,-0.7073207,0.5533619
21150.66528,2.985746,-0.7073207,0.5533619
21153.77808,-0.3079033,2.222495,0.6874056
21158.05054,-1.4759994,1.5139775,0.05548477
21162.26196,-1.4555154,1.5449042,0.06441641
21166.93115,-1.2161515,-0.33170986,-0.711123
21171.96655,-0.5363579,-0.75299025,-0.4430356
21176.7273,0.4019494,-0.64767027,0.32292938
21180.96924,0.5455675,-0.3508587,0.43782425
21185.2417,0.5455675,-0.3508587,0.43782425
21189.30054,0.04769039,0.118294716,0.1984601
21193.93921,-0.29719257,0.20508957,0.16695929
21198.76099,-0.4982586,0.21466398,0.13823557
21203.43018,-0.5269823,0.18594027,0.10951185
21209.35059,-0.14399958,-0.101296425,0.07121372
21213.95874,-0.009955883,-0.30236244,0.09993744
21218.20068,0.08578968,-0.3598094,0.15738487
21222.29004,0.104938984,-0.18746758,0.195683
21227.14233,0.028342247,0.061470985,0.24355602
21231.81152,-0.105119705,0.2583518,0.24938536
21237.09107,-0.105119705,0.2583518,0.24938536
21241.60767,-0.07639599,0.13388252,0.20151281
21246.55151,-0.057246685,0.03813696,0.07704353
21250.64087,0.04807329,-0.0384593,0.08661795
21254.39453,0.14381886,0.028562546,0.05789423
21258.48389,0.14381886,0.15303183,0.06746864
21262.72583,0.115592,0.11038017,0.12309742
21267.3645,0.115592,0.119954586,0.19969368
21271.97266,0.010272026,0.13910389,0.065649986
21277.28272,-0.08547354,0.13910389,0.16139555
21281.40259,-0.008877277,0.18697643,0.2092681
21285.67505,-0.01845169,0.21570015,0.19011927
21290.19165,-0.030064106,0.22262144,0.21859026
21295.04395,-0.020489693,0.13645029,0.19944096
21299.10278,-0.049212933,0.079003334,0.18029165
21303.25317,-0.010914803,0.165174,0.09412098
21308.31909,-0.020489693,0.20347261,0.055822372
21313.50708,-0.068362236,0.21304703,-0.06864691
21318.35938,-0.07793665,0.20347261,-0.16439247
21323.0896,-0.061367035,0.18161249,-0.2048788
21328.00293,0.005654812,0.08586693,-0.24317694
21333.12988,0.063102245,0.13373947,-0.28147554
21337.76856,0.04395342,0.05714321,-0.33892298
21342.0105,0.015229702,-0.029027939,-0.3772211
21346.344,0.08225155,-0.06732607,-0.31019926
21350.49439,0.072677135,-0.105624676,-0.16658068
21353.66821,0.10343742,-0.08048391,0.03572178
21358.55103,0.09386301,-0.02303648,0.18891478
21363.31177,0.00769186,-0.051760197,0.2272129
21367.95044,-0.001882553,-0.09963322,0.16019106
21372.49756,-0.059329987,-0.13793135,0.12189293
21377.01416,-0.10720253,-0.12835693,0.026147366
21381.16455,-0.10720253,-0.15708065,-0.021725655
21384.8877,-0.09662628,-0.106750965,-0.06268501
21390.35034,-0.08705187,-0.12589979,-0.16800499
21395.72144,-0.12535,-0.13547468,-0.21587753
21400.45166,-0.067902565,-0.058877945,-0.22545242
21404.90723,-0.03917885,0.017718315,-0.25417614
21410.15625,-0.06441736,-0.022004604,-0.32916164
21415.71045,-0.06441736,-0.022004604,-0.32916164
21420.34912,0.06962681,-0.12732506,-0.31958723
21424.80469,0.12707376,-0.08902645,-0.17596912
21430.84717,0.09835005,-0.06030321,-0.1089468
21436.40137,-0.006969929,-0.13689947,-0.1472454
21441.55884,0.022619247,-0.22857237,0.008561134
21446.41113,0.051342964,-0.2668705,0.11388159
21451.04981,0.18538666,-0.23814678,0.123456
21456.57349,0.23325968,-0.056230545,0.17132902
21461.33423,0.13751411,0.039515495,0.24792528
21466.24756,0.022619247,0.058664322,0.24792528
21471.0083,0.022619247,0.058664322,0.24792528
21475.06714,-0.19011354,0.05102396,0.14432049
21479.64478,-0.23798656,0.09889698,0.12517166
21484.55811,-0.22841167,0.07017326,0.019851208
21489.4104,-0.142241,0.11804581,-0.04717064
21494.84253,-0.05606985,0.19464254,-0.04717064
21499.57275,-0.06522322,0.21323442,-6.91E-05
21504.60816,-0.07479763,0.1940856,0.03822899
21509.33838,0.030522346,0.0408926,0.019079685
21514.86206,0.011373043,-0.035704136,-0.019218445
21519.01245,0.04009676,-0.064427376,-0.019218445
21523.28491,0.030522346,-0.074002266,0.028654575
21527.61841,0.020947933,-0.026129246,0.09567642
21531.7688,0.042437553,0.001450062,0.18464422
21536.49902,0.052011967,-0.008124352,0.10804796
21540.64942,0.1094594,-0.055996895,0.117622375
21543.45703,0.06158638,-0.12301922,0.08889866
21547.57691,0.02328825,-0.17089176,0.1654954
21552.39868,-0.0628829,0.049323082,0.35698652
21558.1665,-0.01500988,0.19294167,0.4527321
21562.92725,0.12459278,0.27732182,0.51960516
21567.81006,0.19161463,0.30604553,0.538754
21572.63184,0.057570934,0.10497999,0.031302452
21578.03345,-0.1339202,-0.048213005,-0.39955282
21582.76367,-0.29668808,-0.26842785,-0.7250881
21587.76856,-0.3062625,-0.5269413,-1.0601974
21592.49878,-0.8530426,0.6456876,0.85016537
21597.80884,-0.76687145,0.5212183,-1.6104965
21602.6001,-0.8051696,-0.80964565,-1.9551806
21607.51343,-0.71899843,-1.7575269,-0.58601856
21612.24365,1.7991109,-0.67560196,0.5725031
21617.7063,2.402308,0.78930616,0.735271
21622.52808,1.6060581,1.7480352,1.018651
21627.38037,0.27519464,1.8916535,1.0856733
21632.04956,-1.1418405,0.47461843,0.12821722
21637.3291,-0.99822235,-0.35836792,-0.31221247
21641.47949,-0.5960908,-0.8370962,-0.62817335
21645.81299,-0.107788086,-0.9807148,-0.79094076
21651.18408,0.22686338,-0.77090836,-0.8096309
21656.61621,0.4183545,-0.44537306,-0.8287797
21661.22437,0.27473593,-0.1772852,-0.6755867
21666.16821,0.0640955,-0.11983824,-0.49367046
21671.6919,-0.2518649,0.08122778,-0.11068773
21676.57471,-0.2518649,0.08122778,-0.11068773
21680.75562,-0.22943544,0.055134296,-0.14918327
21685.85205,0.009928703,-0.02146244,0.25294828
21691.68091,0.09609985,-0.117208004,0.434865
21697.14356,0.048226833,-0.01188755,0.36784267
21701.78223,3.54E-04,0.07428312,0.4444394
21706.14624,-0.018795013,0.12215614,0.4635887
21711.4563,-0.05843401,0.13194704,0.40639973
21714.84375,-0.16375446,0.15109587,0.29150486
21718.96362,-0.16375446,0.103223324,0.22448301
21723.11401,-0.10630703,-0.011671543,-0.14892483
21728.02734,-0.10630703,-0.011671543,-0.14892483
21732.75757,-0.06800842,-0.11699152,-0.34041595
21738.28125,-0.13503075,-0.17443895,-0.5606313
21743.01148,-0.039886475,-0.4061823,-0.72753096
21747.86377,0.007986069,-0.4732046,-0.6413598
21752.594,0.017560959,-0.36788416,-0.5264654
21757.8125,0.046284676,-0.2529893,-0.27752686
21761.96289,0.07500839,-0.14766932,1.35E-04
21766.60156,0.11330652,0.11084366,0.4405651
21770.75195,0.11330652,0.11084366,0.4405651
21773.92578,0.14185476,0.17446041,0.65219545
21778.86963,-0.07836008,0.40425014,0.6904936
21783.69141,-0.16453123,0.44254827,0.6713443
21788.33008,-0.22197866,0.40425014,0.5277262
21793.18237,-0.18368053,0.27978086,0.3841076
21798.0957,-0.15495682,0.13616228,0.2787876
21802.24609,-0.106003284,0.11666155,0.28972864
21806.9458,-0.06770468,0.11666155,0.13653564
21811.58447,-0.06770468,0.11666155,0.13653564
21815.55176,-0.06770468,0.11666155,0.13653564
21818.32886,-0.096428394,-0.074830055,-0.016656876
21822.44873,-0.096428394,-0.074830055,-0.016656876
21826.78223,-0.08685398,-0.113128185,0.107812405
21831.02417,-0.08685398,-0.113128185,0.107812405
21834.35059,-0.0342741,-0.042881012,-0.022096157
21838.31787,-0.13001966,-0.10990286,-0.13699102
21842.46826,-0.22576523,-0.31096888,-0.31890774
21847.47315,-0.1683178,-0.5216088,-0.2614603
21853.36304,0.17636633,-0.5120344,-0.002946854
21858.94775,0.31041002,-0.301394,0.09279871
21864.31885,0.3602438,-0.011304379,0.1314702
21868.98804,0.32194567,0.19933605,0.24636507
21873.71826,0.025134087,0.4482746,0.38040876
21879.08936,-0.07061148,0.4195509,0.4187069
21883.91113,-0.12805891,0.36210346,0.4665799
21888.85498,-0.13763332,0.32380533,0.4187069
21893.58521,-0.15404081,0.21623516,0.25902176
21898.98682,-0.17319012,0.09176588,0.08667946
21903.71704,-0.1636157,-0.0327034,-0.009066105
21908.26416,-0.13489199,-0.12844896,-0.06651354
21913.69629,-0.05829525,-0.09972525,-0.21970654
21918.67066,-0.01999712,0.024744034,-0.28672838
21922.88208,0.036785603,0.074606895,-0.31805325
21927.33765,0.046360493,0.06503248,-0.28932953
21932.86133,0.055934906,0.0937562,-0.24145651
21936.7981,0.06550932,0.045883656,-0.04039097
21941.95557,0.094233036,0.017159939,0.045780182
21947.052,0.08465862,0.026734352,0.16067505
21952.57568,0.06296778,0.093472004,0.18056488
21956.32935,0.12998962,0.103046894,0.24758673
21960.90698,0.12998962,0.103046894,0.24758673
21965.94238,0.2736082,-0.030997276,0.58269644
21970.61157,0.2736082,-0.030997276,0.58269644
21974.42627,-0.07107592,0.16049433,0.6401439
21979.21753,-0.25299263,0.21794128,0.573122
21983.88672,-0.22874975,0.09560919,0.49124146
21988.64746,0.07763624,-0.43099165,-0.41834164
21993.28613,0.07763624,-0.43099165,-0.41834164
21996.88721,0.05848694,-0.48843908,-1.2321792
22001.00708,-0.27662277,0.4402933,1.7455091
22005.37109,-0.27662277,0.4402933,1.7455091
22008.08716,-1.7798285,-2.3076053,-2.8407054
22012.29858,-1.8328738,-2.4480171,-2.9141946
22016.08276,-1.5169134,-4.0469685,-1.8705673
22020.59937,0.5511918,-3.6352625,-1.2673702
22023.71216,3.8256917,1.3243594,1.0688224
22028.35083,2.4756784,2.770118,1.5475502
22032.44019,2.4756784,2.770118,1.5475502
22035.70557,-1.1913784,2.166921,0.08264303
22039.79492,-1.1913784,2.166921,0.08264303
22042.51099,-1.6547215,0.94468546,-0.7062173
22047.33276,-0.28555918,-1.0276737,-0.98387957
22051.9104,-0.28555918,-1.0276737,-0.98387957
22055.7251,0.48040533,-1.1808667,-0.8689847
22059.96704,0.83466434,-0.8074589,-0.82111216
22062.68311,0.83466434,-0.3670292,-0.7062173
22067.0166,0.5761509,-0.13723946,-0.5434499
22071.07544,0.16444492,-0.07021761,-0.18919086
22074.52393,-0.16493082,-0.006734848,0.076426506
22079.10156,-0.48089123,0.10816002,0.30621576
22083.74024,-0.43301868,0.26135302,0.6700492
22088.34839,-0.25110197,0.20390558,0.75622034
22092.43775,-0.25110197,0.20390558,0.75622034
22095.88623,-0.10748339,0.13688374,0.8423915
22099.97559,-0.00216341,0.03156376,0.92856216
22102.69165,-0.08507395,0.02122593,0.57633686
22107.42188,-0.19039392,0.05952406,0.54761314
22112.12158,-0.19039392,0.05952406,0.54761314
22115.93628,-0.21911764,0.15526962,0.4422927
22120.02564,-0.23826694,0.16484451,0.35612202
22122.77222,-0.104222775,0.11697149,0.308249
22127.19727,-0.104222775,0.11697149,0.308249
22131.28662,0.010671616,0.02122593,0.27952528
22134.64356,0.013038635,0.012341023,0.11664963
22138.54981,-0.073132515,0.108086586,-0.03654337
22142.76123,-0.121005535,0.1368103,-0.08441591
22147.61353,-0.08270693,0.117661,-0.0748415
22152.28272,-0.08270693,0.117661,-0.0748415
22156.03638,-0.025259495,0.012341023,-0.16101265
22160.79712,-0.025259495,-0.016382694,-0.18016148
22164.42871,-0.012318134,0.011114121,-0.10466242
22168.94531,0.045128822,0.07813597,0.04853058
22174.56055,0.045128822,0.15473223,0.4315133
22179.13818,-0.002743721,0.14515781,0.45066214
22183.22754,-0.07934046,0.14515781,0.44108772
22187.5,-0.11763859,0.09728527,0.3932147
22191.71143,-0.11352062,0.11749172,0.4060259
22196.3501,-0.20926619,-0.035701275,0.2815566
22199.92066,-0.19011688,-0.1027236,0.15708733
22204.01001,-0.0656476,-0.16974545,-0.005680084
22209.10645,0.020523071,-0.16974545,-0.015254498
22214.4165,-0.027349472,-0.15059614,-0.07270193
22219.51294,-0.002750874,-0.14797878,-0.14651632
22224.54834,-0.088922024,-0.1767025,-0.16566515
22229.03442,-0.03147459,-0.20542622,-0.08906889
22234.61914,0.025972843,-0.14797878,-0.15609074
22239.10523,0.045122147,-0.023509502,-0.012472153
22243.28613,0.06427097,-0.004360199,-0.07949448
22247.58911,-0.041049004,-0.10010624,0.006676674
22251.77002,-0.13998318,-0.22432661,-0.04292631
22256.073,-0.07296133,-0.38709402,-0.07165003
22260.5896,-0.005939484,-0.39666843,-0.16739559
22263.3667,0.1185298,-0.33922148,-0.21526861
22268.34107,0.25257397,-0.16687918,-0.10994816
22273.16284,0.12810469,0.2448268,0.071968555
22278.62549,0.10895538,0.33099794,0.1389904
22283.35571,-0.012362957,0.32038164,0.22340298
22288.20801,-0.09853363,0.2533598,0.32872295
22292.99927,-0.10810852,0.013995647,0.11808252
22298.15674,-0.09853363,-0.033877373,0.03191185
22302.30713,-0.09853363,-0.081749916,-0.15957975
22306.79321,-0.117682934,-0.024302483,-0.28404903
22310.97412,-0.031511784,-0.043451786,-0.47554016
22315.12451,-0.029428005,-0.005829334,-0.46678734
22320.15991,-0.067726135,-0.14944792,-0.5625329
22325.31738,-0.058151245,-0.18774605,-0.6008315
22329.46777,0.028019428,-0.1398735,-0.6008315
22333.61817,0.12376499,-0.16859722,-0.4476385
22338.5315,0.19078732,-0.1015749,-0.2848711
22342.68189,0.18256426,-0.012901306,-0.071772575
22347.35108,0.2112875,0.073269844,0.14844227
22352.02026,0.14426565,0.20731354,0.54099894
22357.39136,0.10596752,0.18816423,0.6271701
22361.54175,0.038945675,0.16901541,0.59844637
22365.87525,-0.008927345,0.16901541,0.6367445
22370.05615,-0.07594919,0.1498661,0.6175957
22374.57275,-0.19084406,0.16901541,0.6463194
22380.06592,-0.2269764,0.48673487,0.680161
22384.64356,-0.054634094,0.5441823,0.680161
22389.31275,0.002813339,0.45801115,0.6705866
22393.98193,-0.0737834,0.3814144,0.5365424
22398.9563,-0.21740198,0.3622656,0.25888062
22403.10669,-0.27484894,0.40056372,-0.30601883
22407.59277,-0.2269764,0.19949818,-0.60282993
22411.74317,-0.28197622,0.2846279,-0.48870516
22416.41235,-0.06176138,-0.13665295,-0.5653019
22421.60034,0.32122135,-0.89304304,-0.5461526
22426.57471,0.2159009,-0.89304304,-0.402534
22430.7251,0.081857204,-0.74942493,-0.38338518
22435.08911,-0.023462772,-0.5196352,-0.4121089
22438.38501,-0.10963392,-0.33771896,-0.46955633
22442.5354,-0.16204882,-0.22164392,-0.430789
22446.83838,0.048591614,-0.20249462,-0.27759647
22450.89722,0.06774044,-0.001429081,0.72773266
22455.68848,-0.32481623,1.1187944,3.035202
22460.87647,-0.6695008,-0.88228846,-0.7658987
22465.7898,-0.5929041,-2.4333673,-0.39249086
22470.64209,0.3879404,-2.6264572,-0.063756466
22475.58594,1.8911462,-1.4392118,0.10858536
22479.06494,1.402844,2.2757177,0.47241879
22483.82568,-0.19610786,2.7065728,0.6830592
22488.95264,-1.431226,1.9980555,0.27135324
22495.33081,-1.6993139,0.6671915,-0.50418615
22500.57983,-0.44845438,-1.119802,-1.764833
22505.92041,0.25048876,-1.3208675,-1.8222804
22510.55908,0.70049334,-1.1102271,-1.71696
22513.73291,0.85368586,-0.71767044,-1.3627014
22518.89038,0.5951729,0.048294544,-0.5680127
22523.04077,0.1738925,0.30680752,-0.13715792
22527.37427,0.1738925,0.30680752,-0.13715792
22531.52466,-0.29132318,0.40828085,0.44536543
22535.98023,-0.18600273,0.3316841,0.66558075
22540.40527,-0.004086494,0.24551344,0.7326026
22544.70825,0.091659546,0.12104416,0.6847296
22549.49951,0.07251024,-0.1278944,0.51238775
22554.80957,0.07251024,-0.1278944,0.51238775
22559.99756,-0.051959038,-0.08959627,0.20600176
22565.00244,-0.13813019,0.015723705,0.15812874
22569.85474,-0.20713806,0.007086277,0.003313065
22574.76807,-0.17841434,-0.06951046,-0.04455948
22579.77295,-0.101818085,-0.09823418,-0.10200691
22584.96094,-0.092243195,-0.012063026,-0.121156216
22589.14185,-0.06351948,0.007086277,-0.073283195
22593.26172,-0.06351948,0.12198067,0.022462368
22598.0835,-0.053945065,0.08368254,0.051186085
22602.32544,0.026197433,0.06371784,0.0865736
22607.05567,0.05492115,0.10201645,0.20146847
22612.48779,0.08364487,0.14988899,0.32593775
22617.79785,0.06449556,0.3126564,0.49827957
22622.34497,0.06449556,0.3126564,0.49827957
22626.70899,-0.059973717,0.37967873,0.6706219
22630.82886,-0.059973717,0.37967873,0.6706219
22633.69751,-0.14389181,0.3656788,0.52002096
22639.03809,-0.1343174,0.26035833,0.34767866
22643.76831,-0.1343174,0.17418718,0.23278427
22648.37647,-0.12474251,0.14546347,0.21363497
22652.64893,-0.08644438,0.15503836,0.22320938
22657.01294,-0.028996944,0.13588905,0.2519331
22661.56006,-0.036150455,0.15018606,0.2688756
22666.01563,-0.16061974,0.035291195,0.019937038
22670.07446,-0.15104532,-0.16577435,-0.10453224
22672.88208,-0.15104532,-0.16577435,-0.10453224
22677.76489,0.10746765,-0.4338622,-0.28644896
22683.07495,0.28938437,-0.3955636,-0.29602337
22688.0188,0.3276825,-0.18492365,-0.28644896
22692.74902,0.32160425,-0.1653738,-0.26602554
22697.60132,0.091814995,0.016542912,-0.1894288
22702.88086,0.015218735,0.073990345,-0.08410883
22707.88574,-0.109250546,0.04526663,-0.03623581
22712.61597,-0.109250546,0.04526663,-0.03623581
22717.62085,-0.118825436,0.05484104,0.097807884
22722.80884,-0.06924248,0.08474922,0.15900707
22727.66113,-0.059668064,0.027302265,0.28347635
22732.54395,-0.059668064,0.027302265,0.28347635
22737.30469,-0.10754061,-0.11631632,0.16858196
22741.82129,-0.059668064,-0.16418934,0.101560116
22746.24634,-0.04051876,-0.13546562,0.091985226
22749.90845,0.003797054,-0.07024336,0.011097431
22756.43921,0.08996773,-0.041519642,-0.12294626
22761.1084,0.14741516,-0.051094055,-0.24741554
22766.05225,0.080393314,-0.10854149,-0.23784113
22769.9585,0.0708189,-0.1372652,-0.22826672
22774.90234,0.013371468,-0.098967075,-0.24741554
22780.33447,-0.09747505,-0.10521269,-0.16374922
22785.27832,-0.04002762,-0.12436199,-0.14459991
22789.91699,0.03656912,-0.12436199,-0.17332363
22795.01343,0.055717945,-0.10521269,-0.08715296
22799.6521,0.103590965,-0.047765255,-9.82E-04
22803.77197,0.09401655,-0.047765255,-0.029705524
22808.07495,0.09401655,-0.057340145,0.027741909
22812.25586,0.00232935,-0.052243233,0.047551632
22816.58936,-0.0838418,-0.004370689,0.1624465
22821.04492,-0.055118084,0.04350233,0.21031904
22825.65308,-0.03596878,0.04350233,0.19116974
22829.71192,-0.016819954,-0.004370689,0.21031904
22833.70972,0.021478176,-0.052243233,0.104999065
22838.83667,0.050201893,-0.14798927,0.057126045
22843.59741,0.050136566,-0.13991356,-0.061270714
22848.51074,0.13630772,-0.025018692,0.03447485
22853.24097,0.09800959,0.118599415,0.024900436
22858.18482,0.002263546,0.22391987,-0.11871815
22863.3728,-0.01688528,0.21434498,-0.25276184
22868.49976,-0.045608997,0.21434498,-0.39638042
22873.22998,-0.02685833,0.12250757,-0.7057905
22878.11279,-0.02685833,-0.078558445,-1.0026021
22883.42285,0.049738407,-0.27004957,-0.93558025
22888.12256,0.107185364,-0.35622072,-0.5717468
22892.27295,0.0114398,0.17038012,1.6782746
22897.61353,-0.6970773,1.0991125,0.37613487
22902.37427,-0.7508979,-0.116219044,-0.6607795
22906.67725,-0.7317486,-1.6672978,-0.9863148
22910.7666,-0.013656616,-2.1938987,-0.038433075
22915.49683,-0.013656616,-2.1938987,-0.038433075
22919.12842,1.8246589,1.999759,0.6605096
22923.85864,0.6661372,2.4880614,0.8328519
22928.92456,-0.8083453,2.018908,0.87115
22933.65479,-1.7575195,1.1454353,0.66207886
22938.50708,-0.9436817,-0.57798576,0.05888176
22943.66455,-0.081971645,-0.9418187,-0.123034954
22948.45581,0.36803293,-0.8843713,-0.056013107
22952.6062,0.4733529,-0.53968716,-0.09431124
22957.03125,0.36803293,-0.1375556,-0.30495167
22960.26611,0.30860424,0.14843798,-0.42662144
22965.17944,-0.08395243,0.14843798,-0.60853815
22969.75708,-0.08395243,0.14843798,-0.60853815
22974.79248,-0.08395243,0.14843798,-0.60853815
22979.43115,-0.02650547,-0.10050058,-0.40747213
22983.58154,0.13626242,-0.17709732,-0.31172657
22987.91504,0.27988052,-0.20582056,-0.18725729
22992.06543,0.38290358,-0.21056461,-0.14364576
22997.61963,0.32545662,-0.10524416,-0.07662392
23000.76294,0.21056175,0.047948837,0.057420254
23005.00488,0.11481619,0.1436944,0.22018766
23007.8125,0.009495735,0.19156694,0.35423136
23011.93237,-0.05752611,0.17241812,0.46912622
23017.30347,-0.03837681,0.10539627,0.6223192
23020.01953,-0.028802395,0.05752325,0.67019176
23023.55957,0.022005081,0.123755455,0.5372596
23027.37427,0.022005081,0.15247917,0.43193913
23030.94483,-0.025867462,0.22907591,0.393641
23035.03418,-0.16948605,0.24822474,0.546834
23039.36768,-0.18863535,0.15247917,0.546834
23043.27393,-0.15991163,0.037584305,0.38406658
23047.72949,-0.16948605,-0.029437542,0.13512802
23051.87988,-0.17116594,-0.051346302,-0.06455374
23056.2439,-0.17116594,-0.08964443,-0.21774673
23059.32617,-0.16159105,-0.13751698,-0.43796158
23063.56812,-0.12329292,-0.21411371,-0.495409
23067.99317,-0.056271076,-0.32900858,-0.58158016
23072.14356,0.0490489,-0.28113556,-0.54328203
23076.66016,0.0490489,-0.28113556,-0.54328203
23079.83399,0.068198204,-0.23326254,-0.56243086
23083.98438,0.2451334,-0.092152596,-0.3612671
23088.92822,0.28343153,0.003592968,-0.12190294
23093.68897,0.27385664,0.118487835,-0.02615738
23098.38867,0.2068348,0.26210594,0.19405746
23102.90527,0.15896225,0.33870268,0.47171974
23107.29981,0.11108923,0.3961501,0.75895643
23111.51123,4.99E-04,0.47763777,0.88230515
23115.84473,-0.11439562,0.5159359,0.89187956
23118.95752,-0.26758862,0.40104103,0.6142173
23123.10791,-0.26758862,0.018058777,0.13548946
23128.08228,-0.22929049,-0.1255598,0.08761644
23132.8125,-0.17184305,-0.18300724,0.001445293
23137.78687,-0.066523075,-0.20215607,-0.00812912
23143.09692,0.08569431,0.006689072,0.27654314
23147.88818,0.009098053,0.03541279,0.19994688
23152.58789,-0.30686283,-0.060332775,-0.001119137
23157.50122,-0.30686283,-0.060332775,-0.001119137
23161.19385,-0.17281866,-0.4050169,-0.269207
23166.1377,0.0761199,-0.34756947,-0.37452698
23170.86792,0.48973465,0.013216972,-0.26592684
23175.81177,0.48973465,0.013216972,-0.26592684
23179.35181,0.29824305,0.32917738,-0.21805382
23184.23462,0.18334866,0.3387518,-0.13188267
23189.0564,0.049304485,0.26215553,-0.036137104
23193.90869,0.020580769,0.21428251,-0.036137104
23198.94409,-0.05601549,0.09938812,0.1266303
23204.62036,-0.053241253,0.07400751,0.2173605
23209.32007,-0.08196497,0.14102936,0.24608421
23214.01978,-0.07239056,0.13145494,0.29395723
23219.60449,-0.11068869,0.15060377,0.32268095
23225.46387,-0.1394124,0.14102936,0.2173605
23230.16358,-0.09654379,0.06598616,0.037067413
23235.19898,-0.09654379,0.06598616,0.037067413
23239.77661,-0.010372639,-0.058483124,-0.001230717
23245.26978,0.06622362,-0.12550497,-0.1448493
23250,0.10452175,-0.16380358,-0.21187115
23254.94385,0.10452175,-0.16380358,-0.21187115
23259.76563,0.050329685,-0.10130882,-0.078579426
23265.16724,-0.016692162,-0.082159996,-0.116877556
23269.74487,0.031180382,0.042309284,-0.1934743
23274.9939,0.031180382,0.042309284,-0.1934743
23279.87671,0.050329685,0.224226,-0.06900501
23284.79004,0.088627815,0.30082273,0.036314964
23289.36768,0.14607525,0.26252413,0.14163542
23293.54858,0.21152067,-0.10569954,0.49570227
23298.4314,0.2689681,-0.21101952,0.50527716
23303.61939,0.25939322,-0.2014451,0.677619
23308.38013,0.16364765,-0.12484884,0.8595357
23312.53052,0.058327675,-0.11527395,0.9935794
23316.89453,0.04875326,-0.10569954,1.0510268
23321.04492,-0.018560886,-0.09616041,1.0025659
23326.20239,-0.11430645,-0.009989262,0.5812855
23330.81055,-0.564311,0.057032585,-0.6634073
23335.78491,-0.6409073,-0.086586,-1.2761793
23340.14893,-0.6121836,-0.20148039,-1.4389467
23345.03174,-0.59303427,0.36341858,0.54298687
23349.21265,-0.976017,1.1485324,-1.199583
23353.42407,-0.5387707,-1.8546114,-2.186798
23358.52051,0.035702705,-2.4865322,-2.4644601
23363.67798,1.0123081,-2.2375937,-1.641048
23368.31665,2.0272117,-1.2131157,-0.042096615
23372.61963,1.7686982,2.0039365,2.0164342
23376.98364,1.7686982,2.0039365,2.0164342
23381.53076,0.72319365,2.9642808,1.9479866
23385.86426,-0.32043314,2.9164078,1.2777677
23390.07568,-1.5555515,0.7621317,-0.12969255
23392.85278,-1.220442,-0.5878811,-0.44565296
23397.18628,-0.4161787,-1.5932102,-0.5126753
23401.7334,-0.4161787,-1.5932102,-0.5126753
23406.18897,0.8093648,-1.7942758,-0.17756557
23410.33936,0.77106667,-1.0953331,-0.03394699
23414.76441,0.3568058,-0.34834146,0.047688007
23419.79981,-0.08362436,0.16868496,0.14343357
23424.83521,-0.4283085,0.46549654,0.18173218
23429.56543,-0.49533033,0.3601761,0.200881
23434.47876,-0.29426432,0.15911055,0.18173218
23439.33106,-0.06447506,-0.061104298,0.14343357
23444.82422,0.25612307,-0.21257257,0.053845406
23449.43237,0.26569796,0.007642269,0.005972385
23454.49829,0.16995192,0.1991334,0.053845406
23459.99146,0.045482635,0.33317757,0.11129284
23465.4541,-0.117284775,0.24700642,0.17831469
23470.61157,-0.09614515,0.16041756,0.07291746
23475.58594,-0.019548893,0.04552269,-0.07070112
23479.64478,0.095345974,-0.10766983,-0.22389412
23485.65674,0.095345974,-0.12681913,-0.29091597
23489.83765,0.06662226,-0.20341587,-0.42495966
23493.95752,-4.00E-04,-0.241714,-0.40581083
23499.35913,-4.00E-04,-0.19384098,-0.3483634
23504.73023,0.048608303,-0.09946823,-0.31197357
23509.33838,7.35E-04,-0.042021275,-0.27367496
23514.28223,7.35E-04,-0.051595688,-0.21622753
23519.83643,-0.08543539,-0.09946823,-0.09175825
23524.71924,-0.04713726,-0.0611701,-0.024736404
23528.93067,0.019884586,-0.0611701,0.08058357
23533.11157,0.026117802,-0.007247448,0.20676184
23539.82544,0.035692215,0.002326965,0.493999
23544.98291,-0.03132963,0.0597744,0.5035734
23549.74365,-0.11750078,0.10764694,0.35995483
23555.11475,-0.088777065,0.002326965,0.01527071
23559.81445,-0.097788334,0.008247376,0.027321815
23565.15503,0.00753212,-0.077923775,0.19966412
23570.03784,0.036255836,-0.030050755,0.28583527
23574.98169,-0.059490204,0.12314224,-0.030125618
23579.6814,-0.14566088,0.036971092,-0.07799816
23585.08301,-0.15523577,-0.10664749,-0.1354456
23589.87427,-0.050965786,-0.20208502,-0.10935402
23594.81812,0.21712208,-0.154212,-0.13807774
23599.36524,0.2745695,0.018129826,-0.0806303
23605.0415,0.19797277,0.21919584,0.043838978
23609.1919,0.13095093,0.27664328,0.2353301
23613.34229,-0.003092766,0.3149414,0.2544794
23617.73682,-0.09883833,0.2670684,0.2544794
23622.34497,-0.15701437,0.081805706,0.13845062
23626.70899,-0.08999252,-0.042663574,0.033130646
23630.76782,-0.08999252,-0.042663574,0.033130646
23635.34546,-0.08999252,-0.042663574,0.033130646
23638.48877,0.005753517,-0.09053612,-0.12963724
23643.70728,0.044051647,-0.042663574,-0.15836048
23648.65112,0.005753517,-0.042663574,-0.2253828
23653.4729,-0.038158417,-0.04567671,-0.12135744
23658.29468,-0.028584003,-0.007378578,-0.044760704
23663.48267,0.038437843,0.002195835,0.012686253
23668.5791,0.12460899,0.021345139,0.05098486
23673.33984,0.06716156,0.040494442,0.12758112
23678.25317,0.009714127,0.06921816,0.15630484
23683.5022,0.007714748,0.102273464,0.22686243
23688.44605,0.026864052,0.1980195,0.22686243
23693.14575,-0.0593071,0.25546646,0.17898941
23697.78442,-0.0593071,0.25546646,0.17898941
23702.4231,-0.0593071,0.23631763,0.15984058
23706.75659,-0.021008492,-0.003046513,0.11196756
23710.90698,-0.05275297,-0.087742805,0.03269863
23715.4541,-0.05275297,-0.12604141,-0.015174389
23720.64209,-0.024029255,-0.097317696,0.06142187
23726.31836,-0.0719018,-0.15476465,-0.015174389
23730.46875,-0.0719018,-0.15476465,-0.015174389
23733.3374,-0.100625515,-0.2600851,0.003974915
23737.64038,-0.100625515,-0.2600851,0.003974915
23741.76025,-0.14250469,-0.27477312,-0.014673233
23746.45996,-0.027610302,-0.27477312,0.12894487
23750.64087,0.09685898,-0.31307173,0.21511602
23755.46265,0.13515759,-0.29392242,0.22469044
23760.95581,0.22132826,-0.016260147,0.21511602
23766.72363,0.21175385,0.0507617,0.07149792
23771.45386,0.17633104,0.088008404,0.095841885
23776.33667,0.20505476,-0.026886463,0.009671211
23781.00586,0.061436176,-0.16093016,-0.14352179
23785.03418,-0.16835308,-0.5247636,-0.6509738
23789.18457,-0.20665121,-0.66838217,-0.7945919
23793.33496,-0.18750238,-0.66838217,-0.7945919
23797.69898,-0.18750238,-0.66838217,-0.7945919
23801.94092,-0.84137106,0.8586836,-0.33692884
23806.61011,-0.6977525,0.05442047,-0.19331074
23810.66895,-0.7169018,-0.93175936,-1.035872
23814.72778,-0.40094137,-1.2477198,-0.8922534
23819.70215,0.6235366,-1.2955928,-0.2890563
23825.13428,1.8012075,-0.74026823,0.5343561
23829.83399,1.444262,1.8094356,0.90838623
23834.8999,0.36233664,2.719019,1.0807285
23839.47754,-0.53767204,2.6328478,0.96583366
23844.90967,-1.0068254,0.823256,-0.15438986
23849.76196,-0.8153343,-0.06717825,-0.8437581
23854.70581,-0.4706502,-0.7661209,-1.4086571
23859.40552,-0.112467766,-1.0532441,-1.5558672
23865.41748,0.4715805,-1.0245204,-1.3260775
23870.02564,0.5960498,-0.8904767,-1.115437
23874.96948,0.4332819,-0.5936651,-0.9335208
23879.73023,0.06944895,-0.095788,-0.49309063
23885.31494,0.06944895,0.019106865,-0.2920251
23890.01465,0.029292107,0.10865259,-0.19862795
23895.01953,0.14418697,-0.015816689,0.12690735
23899.71924,0.12503767,-0.121136665,0.16520548
23905.09033,0.17291069,-0.20730782,0.09818363
23909.729,0.1824851,-0.23603153,0.12690735
23913.8794,0.07716513,-0.14028597,0.16520548
23918.24341,-0.028155327,-0.07326412,0.31839848
23922.42432,0.052709103,-0.105240345,0.38981295
23927.12402,-0.15793133,0.08625078,0.42811108
23931.30493,-0.15793133,0.08625078,0.42811108
23936.03516,-0.21537876,0.19157124,0.40896177
23940.76538,-0.14835691,0.1149745,0.55258036
23944.58008,-0.062185764,8.01E-05,0.53343105
23949.40186,-0.09090948,-0.066942215,0.41853666
23954.10156,0.019619465,-0.26370192,-0.08559418
23958.92334,0.019619465,-0.33072376,-0.2962346
23964.44702,0.019619465,-0.33072376,-0.5547476
23969.14673,0.06749201,-0.30200005,-0.7558136
23973.87695,0.15366316,-0.33072376,-0.9281554
23978.97339,0.21111059,-0.37859678,-1.0143266
23984.46655,0.35607386,-0.45659876,-1.1092901
23989.07471,0.38479757,-0.38000202,-1.0039701
23993.83545,0.37522268,-0.26510715,-0.83162785
23998.4436,0.23160458,0.012555122,-0.55396557
24002.594,0.001814842,0.5774541,0.030082226
24007.32422,-0.14180326,0.8934145,0.23114824
24011.59668,-0.061890125,0.9912698,0.117030144
24015.89966,-0.061890125,0.9912698,0.117030144
24019.9585,-0.061890125,0.9912698,0.117030144
24023.13233,-0.25338125,1.0774407,0.87342024
24028.25928,-0.24380636,1.1157391,0.9883151
24032.9895,-0.15763569,1.1540372,1.3234243
24037.93335,-0.15763569,1.1540372,1.3234243
24042.66358,-0.33748198,0.84163713,1.4103951
24048.64502,-0.38535452,0.57354975,1.2093291
24053.31421,-0.10769272,0.056523323,0.61570644
24058.04443,-0.10769272,0.056523323,0.61570644
24062.34741,-0.031095982,-0.020073414,0.29017162
24065.73486,0.035925865,-9.24E-04,-0.006639957
24069.88525,0.083798885,0.008650303,-0.16940737
24072.63184,0.14203072,0.024832726,-0.25087166
24077.11792,0.103732586,-0.23368025,-0.3370428
24081.20728,0.103732586,-0.23368025,-0.3370428
24084.83887,0.113307,-0.46346998,-0.40406466
24089.56909,0.065434456,-0.55921555,-0.4615121
24094.63501,-0.011162281,-0.5017681,-0.4902358
24099.39575,0.007987022,-0.46346998,-0.53810835
24104.12598,-0.003521442,-0.3300581,-0.555511
24109.46655,-0.04182005,-0.13856697,-0.45976543
24114.37988,-0.022670746,-0.08111954,-0.402318
24119.11011,0.006052971,-0.08111954,-0.32572174
24123.84033,0.07307482,-0.09069443,-0.249125
24129.27246,0.15924597,-0.09069443,-0.02891016
24134.00269,0.21026087,-0.08962774,0.06479597
24138.79395,0.21026087,-0.003456593,0.13181782
24143.61572,0.18153715,0.015692234,0.19883966
24148.98682,0.114515305,0.05399084,0.21798897
24153.71704,0.037919044,0.034841537,0.2754364
24158.81348,0.028344154,0.034841537,0.2850108
24163.5437,0.002458572,0.019590855,0.20860195
24168.85376,-0.04541397,0.010016441,0.19902706
24173.55347,-0.102861404,0.05788946,0.18945265
24178.25317,-0.04541397,0.029165745,0.19902706
24183.59375,-0.102861404,0.04831457,0.17987823
24188.44605,-0.11243582,0.105762005,0.16072893
24193.02368,-0.09288931,0.08630657,0.09915829
24197.26563,-0.11203861,0.057582855,0.15660572
24201.35498,-0.11203861,0.057582855,0.15660572
24204.92554,-0.14076233,0.009709835,0.21405315
24209.83887,-0.16948605,-0.009439468,0.26192617
24214.7522,-0.11203861,-0.019013882,0.2715006
24219.48242,-0.13079691,-0.028758049,0.22908449
24224.51782,-0.14037132,-0.047907352,0.16206217
24229.61426,-0.14037132,-0.038332462,0.14291334
24234.61914,-0.10207319,0.019114971,0.18121147
24238.76953,-0.06377506,0.0574131,0.16206217
24243.83545,0.04154539,0.15315866,0.18121147
24249.08447,0.04154539,0.22018051,0.19078588
24253.35693,0.0684104,0.15625238,0.16840696
24257.87354,0.07798481,0.13710356,0.11095953
24263.91602,0.049261093,-0.01608944,0.06308651
24269.80591,0.049261093,-0.06396246,0.043937683
24275.20752,0.020537376,-0.111835,-0.003935337
24279.93775,-0.029781818,-0.15174818,0.060513973
24284.91211,0.056388855,-0.1613226,-0.016082287
24290.06958,0.027665138,-0.07515192,0.031790257
24295.16602,-0.04893112,0.030168533,0.11796141
24299.31641,-0.04893112,0.030168533,0.11796141
24303.4668,-0.07765484,0.030168533,0.07966328
24306.91528,-0.068080425,-0.036853313,0.12753582
24311.06567,-0.07357311,-0.031423092,0.13478088
24315.61279,-0.07357311,-0.10801983,0.1443553
24318.66455,-0.11187124,-0.14631796,0.11563206
24323.21167,-0.09272194,-0.28993654,-0.04713583
24327.14844,-0.09272194,-0.28993654,-0.04713583
24331.32935,-0.044849396,-0.3665328,-0.12373209
24335.69336,-0.044849396,-0.3665328,-0.12373209
24340.271,-0.006551266,-0.44312954,-0.20032883
24344.87915,-0.026630402,-0.41726017,-0.1802125
24349.27368,0.011668205,-0.31193972,-0.084466934
24353.45459,0.011668205,-0.16832161,-0.01744461
24358.48999,0.09783888,0.032744408,0.05915165
24363.22022,0.09783888,0.032744408,0.05915165
24367.06543,0.09783888,0.051893234,0.11659908
24371.88721,0.029694557,0.03276539,0.14237499
24376.80054,9.71E-04,0.004041672,0.10407686
24381.43921,-0.018178463,-0.04383087,0.075353146
24385.25391,-0.027752876,-0.110853195,0.075353146
24390.07568,9.71E-04,-0.22574759,-0.049116135
24395.01953,0.010545254,-0.28319502,-0.010817528
24399.74976,-0.02546835,-0.31078434,0.023280144
24404.78516,-0.006319046,-0.22461367,-0.024592876
24409.82056,0.031979084,-0.23418808,-0.015017986
24414.79492,-0.015893936,-0.12886763,-0.005443573
24419.52515,-0.035042763,-0.12886763,-0.06289101
24424.49951,-0.044617653,-0.12886763,-0.13948727
24429.71802,-0.056969643,-0.08988905,-0.18229246
24434.93652,-0.018671513,-0.080314636,-0.22059059
24439.63623,0.03877592,0.07287836,-0.23016548
24444.6106,0.08664894,0.13990068,-0.21101618
24449.76807,0.11537266,0.25479507,-0.24931431
24454.83399,0.15367079,0.22607136,-0.24931431
24459.59473,0.12691689,0.21534109,-0.22932959
24464.56909,0.079043865,0.15789366,-0.18145704
24469.75708,0.021596432,0.0812974,-0.047412872
24474.70093,0.012022018,0.071722984,0.019608974
24479.43115,0.012022018,0.062148094,0.08663082
24484.40552,-0.06457424,0.14831924,0.038758278
24489.71558,-0.055192947,0.14175844,0.005720139
24494.72046,-0.06476736,0.16090775,0.015294552
24499.32861,-0.016894817,0.10346031,-0.07087612
24504.39453,0.08842516,0.026863575,-0.17619658
24509.552,0.08842516,-0.001859665,-0.22406912
24514.49585,0.08842516,0.007714748,-0.22406912
24519.28711,0.078850746,0.017289162,-0.22406912
24524.38355,0.24964857,0.9849515,-0.31231737
24529.78516,0.26879787,1.6264472,-0.42721224
24534.85108,-0.066311836,1.5498507,-0.30274296
24539.5813,-0.39184713,0.35303068,-0.034655094
24544.55567,0.010284424,-1.0735788,-0.41763735
24549.77417,0.49363613,-0.8141694,-0.40104198
24554.84009,0.761724,-0.3545909,-0.29572153
24559.47876,0.7712984,-0.019481182,-0.18082714
24564.42261,0.35959244,0.047540665,-0.104230404
24569.91577,0.23512316,-0.12480116,-0.12337971
24574.95117,0.17767572,-0.28756905,-0.11380482
24579.92554,0.21051598,-0.43624496,-0.069005966
24585.14404,0.086046696,-0.42667055,0.026739597
24590.4541,0.076471806,-0.26390314,0.093761444
24595.4895,0.05732298,-0.12028456,0.10333586
24600.25025,-0.057571888,0.09035587,-0.011558533
24604.61426,-0.5171509,0.47333813,0.14163399
24609.13086,-1.321414,0.84674597,-0.059431553
